 Node            Displacements                Applied/reaction forces
number     1-direction     2-direction      1-direction     2-direction
     1     0.000000000     0.000000000      0.000000000     0.000000000
     2     0.000000000     0.000000000      0.000000000     0.000000000
     3  -540.000000000  -600.000000000      0.000000000     0.000000000
     4   540.000000000  -600.000000000      0.000000000     0.000000000
     5  -960.000000000 -2160.000000000      0.000000000     0.000000000
     6   960.000000000 -2160.000000000      0.000000000     0.000000000
     7 -1260.000000000 -4440.000000001      0.000000000     0.000000000
     8  1260.000000000 -4440.000000001      0.000000000     0.000000000
     9 -1440.000000000 -7200.000000001      0.000000000     0.000000000
    10  1440.000000000 -7200.000000001      0.000000000     0.000000000
    11 -1500.000000000 ***************      0.000000000     0.000000000
    12  1500.000000000 ***************      0.000000000     0.000000000
                                            ___________     ___________
                              Summation     0.000000000     0.000000000

Element                    Element strain                                   Element Stress
number      1-direction     2-direction     3-direction      1-direction     2-direction     3-direction
      1   540.000000000     0.000000000  -600.000000000    540.000000000     0.000000000  -300.000000000
      2   420.000000000     0.000000000  -480.000000000    420.000000000     0.000000000  -240.000000000
      3   300.000000000     0.000000000  -360.000000000    300.000000000     0.000000000  -180.000000000
      4   180.000000000     0.000000000  -240.000000000    180.000000000     0.000000000  -120.000000000
      5    60.000000000     0.000000000  -120.000000000     60.000000000     0.000000000   -60.000000000
