 Node            Displacements                Applied/reaction forces
number     1-direction     2-direction      1-direction     2-direction
     1     0.000000000     0.000000000      0.000000000     0.000000000
     2     0.000000000     0.000000000      0.000000000     0.000000000
     3     0.000000000     0.000000000      0.000000000     0.000000000
     4     0.000000000     0.000000000      0.000000000     0.000000000
     5     0.000000000     0.000000000      0.000000000     0.000000000
     6   -53.740473781   -21.205513143      0.000000000     0.000000000
     7   -24.408301242   -20.879057317      0.000000000     0.000000000
     8     0.060962068   -20.889291521      0.000000000     0.000000000
     9    24.499291464   -20.430367839      0.000000000     0.000000000
    10    53.436568070   -20.074153856      0.000000000     0.000000000
    11  -100.484542201   -67.108498442      0.000000000     0.000000000
    12   -47.693446463   -66.459335932      0.000000000     0.000000000
    13     0.052170582   -66.002806669      0.000000000     0.000000000
    14    47.718155062   -65.742043216      0.000000000     0.000000000
    15   100.330780121   -65.652649949      0.000000000     0.000000000
    16  -142.104809210  -134.368264761      0.000000000     0.000000000
    17   -68.708695069  -133.668102141      0.000000000     0.000000000
    18     0.020134525  -133.150849212      0.000000000     0.000000000
    19    68.712764304  -132.899189218      0.000000000     0.000000000
    20   142.056394988  -132.841553140      0.000000000     0.000000000
    21  -179.135762602  -220.851899852      0.000000000     0.000000000
    22   -87.384791623  -220.157337871      0.000000000     0.000000000
    23     0.004573185  -219.645273589      0.000000000     0.000000000
    24    87.383643586  -219.391989145      0.000000000     0.000000000
    25   179.128902556  -219.330916838      0.000000000     0.000000000
    26  -211.827027587  -324.396873479      0.000000000     0.000000000
    27  -103.869581225  -323.705382532      0.000000000     0.000000000
    28    -0.000101399  -323.199428832      0.000000000     0.000000000
    29   103.868389184  -322.949185581      0.000000000     0.000000000
    30   211.829601687  -322.888491464      0.000000000     0.000000000
    31  -240.432676436  -442.896647386      0.000000000     0.000000000
    32  -118.308141379  -442.206080567      0.000000000     0.000000000
    33    -0.000671778  -441.702529794      0.000000000     0.000000000
    34   118.307613160  -441.454607330      0.000000000     0.000000000
    35   240.435060642  -441.394685916      0.000000000     0.000000000
    36  -265.220582538  -574.371938054      0.000000000     0.000000000
    37  -130.837884069  -573.681591332      0.000000000     0.000000000
    38    -0.000370582  -573.178745340      0.000000000     0.000000000
    39   130.837740118  -572.931582916      0.000000000     0.000000000
    40   265.221592815  -572.871944385      0.000000000     0.000000000
    41  -286.462696277  -716.980292766      0.000000000     0.000000000
    42  -141.595052724  -716.289973677      0.000000000     0.000000000
    43    -0.000122704  -715.787223665      0.000000000     0.000000000
    44   141.595038232  -715.540166406      0.000000000     0.000000000
    45   286.462948877  -715.480559360      0.000000000     0.000000000
    46  -304.431828447  -869.016516019      0.000000000     0.000000000
    47  -150.715910897  -868.326182588      0.000000000     0.000000000
    48    -0.000022081  -867.823392810      0.000000000     0.000000000
    49   150.715918218  -867.576293516      0.000000000     0.000000000
    50   304.431833178  -867.516667051      0.000000000     0.000000000
    51  -319.400857469 -1028.912236022      0.000000000     0.000000000
    52  -158.336781862 -1028.221891332      0.000000000     0.000000000
    53     0.000001798 -1027.719065629      0.000000000     0.000000000
    54   158.336783829 -1027.471928688      0.000000000     0.000000000
    55   319.400822150 -1027.412286323      0.000000000     0.000000000
    56  -331.642588731 -1195.235612879      0.000000000     0.000000000
    57  -164.594016882 -1194.545264660      0.000000000     0.000000000
    58     0.000001700 -1194.042424138      0.000000000     0.000000000
    59   164.594012451 -1193.795271069      0.000000000     0.000000000
    60   331.642563405 -1193.735621286      0.000000000     0.000000000
    61  -341.429774094 -1366.691205500      0.000000000     0.000000000
    62  -169.623977654 -1366.000857725      0.000000000     0.000000000
    63    -0.000001769 -1365.498013902      0.000000000     0.000000000
    64   169.623969872 -1365.250856368      0.000000000     0.000000000
    65   341.429759408 -1365.191203545      0.000000000     0.000000000
    66  -349.035144443 -1542.119933403      0.000000000     0.000000000
    67  -173.563028309 -1541.429587431      0.000000000     0.000000000
    68    -0.000003944 -1540.926744255      0.000000000     0.000000000
    69   173.563019053 -1540.679585799      0.000000000     0.000000000
    70   349.035134055 -1540.619931163      0.000000000     0.000000000
    71  -354.731427204 -1720.499073566      0.000000000     0.000000000
    72  -176.547531813 -1719.808730038      0.000000000     0.000000000
    73    -0.000004930 -1719.305888690      0.000000000     0.000000000
    74   176.547521743 -1719.058729289      0.000000000     0.000000000
    75   354.731417414 -1718.999072552      0.000000000     0.000000000
    76  -358.791350864 -1900.942272781      0.000000000     0.000000000
    77  -178.713849949 -1900.251924004      0.000000000     0.000000000
    78    -0.000005412 -1899.749076831      0.000000000     0.000000000
    79   178.713839190 -1899.501923797      0.000000000     0.000000000
    80   358.791340417 -1899.442272504      0.000000000     0.000000000
    81  -361.487596623 -2082.699571289      0.000000000     0.000000000
    82  -180.198386297 -2082.009159901      0.000000000     0.000000000
    83    -0.000005765 -2081.506249564      0.000000000     0.000000000
    84   180.198374831 -2081.259159883      0.000000000     0.000000000
    85   361.487585297 -2081.199571267      0.000000000     0.000000000
    86  -363.092605012 -2265.157142385      0.000000000     0.000000000
    87  -181.137755293 -2264.466708788      0.000000000     0.000000000
    88    -0.000006114 -2263.963775777      0.000000000     0.000000000
    89   181.137743093 -2263.716708806      0.000000000     0.000000000
    90   363.092592850 -2263.657142409      0.000000000     0.000000000
    91  -363.879626344 -2447.835365147      0.000000000     0.000000000
    92  -181.667862911 -2447.147264514      0.000000000     0.000000000
    93    -0.000006477 -2446.646664126      0.000000000     0.000000000
    94   181.667849964 -2446.397264526      0.000000000     0.000000000
    95   363.879613400 -2446.335365164      0.000000000     0.000000000
    96  -364.134568930 -2630.390615838      0.000000000     0.000000000
    97  -181.913539387 -2629.713310615      0.000000000     0.000000000
    98    -0.000006848 -2629.223505448      0.000000000     0.000000000
    99   181.913525690 -2628.963310619      0.000000000     0.000000000
   100   364.134555229 -2628.890615844      0.000000000     0.000000000
   101  -364.166216323 -2812.696568878      0.000000000     0.000000000
   102  -181.979599176 -2811.976003612      0.000000000     0.000000000
   103    -0.000007223 -2811.442938348      0.000000000     0.000000000
   104   181.979584729 -2811.226003612      0.000000000     0.000000000
   105   364.166201872 -2811.196568879      0.000000000     0.000000000
                                            ___________     ___________
                              Summation     0.000000000     0.000000000

Element                    Element strain                                   Element Stress
number      1-direction     2-direction     3-direction      1-direction     2-direction     3-direction
      1   -97.633204970     0.000000000   -83.516229268    -97.633204970    -0.000097633   -41.758072876
      2     0.243848273     0.000000000   -83.557166082      0.243848273     0.000000244   -41.778541263
      3    97.997165857     0.000000000   -81.721471355     97.997165857     0.000097997   -40.860694817
      4   213.746272278     0.000000000   -80.296615422    213.746272278     0.000213746   -40.148267563
      5   -93.140580881     1.305823303   -64.992424304    -93.140579576     1.305730163   -32.496179656
      6    -0.035165946    -0.040936814   -82.577007349     -0.035165987    -0.040936850   -41.288462386
      7    92.875454390     1.835694727   -83.493383925     92.875456225     1.835787603   -41.746650216
      8   187.576848207     1.424855933   -66.564877954    187.576849632     1.425043510   -33.282405695
      9   -84.060994426     2.596650044   -57.670681885    -84.060991829     2.596565983   -28.835312107
     10    -0.128144226     1.826117051   -77.609701994     -0.128142400     1.826116923   -38.804812192
     11    83.978436970     1.043053811   -77.964646091     83.978438013     1.043137789   -38.982284063
     12   166.902459467     0.357573066   -58.305112525    166.902459825     0.357739969   -29.152527110
     13   -74.704386216     2.800650480   -52.372486356    -74.704383415     2.800575775   -26.186216992
     14    -0.062245361     2.069011718   -71.062379128     -0.062243292     2.069011655   -35.531154033
     15    74.683517129     1.006639974   -71.200680594     74.683518136     1.006714658   -35.600304697
     16   148.290030271     0.230544313   -52.582932054    148.290030501     0.230692603   -26.291439736
     17   -65.939158407     2.778247924   -47.188294729    -65.939155629     2.778181985   -23.594123771
     18    -0.018698335     2.048257130   -64.659161739     -0.018696287     2.048257111   -32.329548540
     19    65.938982390     1.013137773   -64.712504138     65.938983403     1.013203712   -32.356219713
     20   130.802796527     0.244289230   -47.249262626    130.802796771     0.244420033   -23.624607688
     21   -57.754240615     2.765963787   -42.173006693    -57.754237849     2.765906033   -21.086482260
     22    -0.002281518     2.023814801   -58.534484544     -0.002279495     2.023814799   -29.267213005
     23    57.756895903     1.000973002   -58.547724667     57.756896904     1.001030759   -29.273833060
     24   114.421835817     0.242776470   -42.179927794    114.421836060     0.242890892   -21.089942807
     25   -50.118970763     2.762267277   -37.403902832    -50.118968001     2.762217158   -18.701932714
     26     0.001204783     2.014203091   -52.674983781      0.001206798     2.014203093   -26.337465553
     27    50.120507832     0.991689854   -52.674762589     50.120508824     0.991739975   -26.337354957
     28    99.146128694     0.239685660   -37.399243950     99.146128934     0.239784806   -18.699603276
     29   -43.028674617     2.761386887   -32.902735506    -43.028671855     2.761343858   -16.451351302
     30     0.000991514     2.011383972   -47.083859354      0.000993525     2.011383973   -23.541906135
     31    43.029192458     0.988649695   -47.081891159     43.029193446     0.988692724   -23.540922039
     32    84.965424246     0.238554123   -32.899049108     84.965424485     0.238639088   -16.449508105
     33   -36.483432694     2.761276353   -28.674261431    -36.483429933     2.761239870   -14.337116379
     34     0.000402490     2.011000049   -41.764956502      0.000404501     2.011000049   -20.882457369
     35    36.483519943     0.988229038   -41.763864697     36.483520931     0.988265521   -20.881911466
     36    71.875537203     0.238428184   -28.672788188     71.875537442     0.238500059   -14.336379758
     37   -30.483483860     2.761333724   -24.719164776    -30.483481099     2.761303241   -12.359570028
     38     0.000095518     2.011159112   -36.719136011      0.000097529     2.011159112   -18.359549646
     39    30.483462443     0.988397178   -36.718779492     30.483463432     0.988427662   -18.359371387
     40    59.875955889     0.238505858   -24.718817247     59.875956127     0.238565734   -12.359396264
     41   -25.028940080     2.761378762   -21.037190883    -25.028937319     2.761353733   -10.518584923
     42    -0.000000393     2.011302812   -31.946299394      0.000001618     2.011302812   -15.973133724
     43    25.028914487     0.988547763   -31.946241402     25.028915476     0.988572792   -15.973104728
     44    48.966965020     0.238569461   -21.037186567     48.966965258     0.238618428   -10.518582765
     45   -20.119843089     2.761392876   -17.628084866    -20.119840328     2.761372756    -8.814033619
     46    -0.000013877     2.011362088   -27.446284729     -0.000011866     2.011362088   -13.723128641
     47    20.119829687     0.988612274   -27.446298193     20.119830676     0.988632394   -13.723135373
     48    39.148784012     0.238599134   -17.628125222     39.148784250     0.238638283    -8.814053797
     49   -15.756202620     2.761391098   -14.491733063    -15.756199859     2.761375342    -7.245859286
     50    -0.000008700     2.011375293   -23.219017873     -0.000006688     2.011375293   -11.609497327
     51    15.756196723     0.988630135   -23.219031154     15.756197712     0.988645891   -11.609503968
     52    30.421498589     0.238611292   -14.491752329     30.421498828     0.238641714    -7.245868919
     53   -11.938014016     2.761383889   -11.628105890    -11.938011254     2.761371951    -5.814047131
     54    -0.000003942     2.011372704   -19.264480279     -0.000001931     2.011372704    -9.632230507
     55    11.938010760     0.988633826   -19.264481972     11.938011749     0.988645764    -9.632231354
     56    22.785133437     0.238618544   -11.628105550     22.785133676     0.238641329    -5.814046961
     57    -8.665272542     2.761374115    -9.037194307     -8.665269781     2.761365450    -4.518592635
     58    -0.000001926     2.011365391   -15.582645032      0.000000085     2.011365391    -7.791314725
     59     8.665269785     0.988637602   -15.582671338      8.665270774     0.988646267    -7.791327878
     60    16.239692010     0.238626950    -9.037217123     16.239692248     0.238643190    -4.518604043
     61    -5.938145392     2.761395107    -6.718939924     -5.938142631     2.761389169    -3.359466602
     62    -0.000001415     2.011388693   -12.173312783      0.000000596     2.011388693    -6.086650305
     63     5.938142565     0.988612136   -12.173565939      5.938143553     0.988618074    -6.086776883
     64    10.784979522     0.238605174    -6.719190144     10.784979760     0.238615959    -3.359591712
     65    -3.757475984     2.761645552    -4.673354243     -3.757473222     2.761641795    -2.336674785
     66    -0.000001395     2.011641346    -9.036582725      0.000000617     2.011641346    -4.518286844
     67     3.757473050     0.988358725    -9.036673306      3.757474038     0.988362483    -4.518332135
     68     6.420030213     0.238354465    -4.673442704      6.420030452     0.238360885    -2.336719015
     69    -2.120430471     2.761734387    -2.902824026     -2.120427709     2.761732266    -1.451410562
     70    -0.000001451     2.011732042    -6.180556677      0.000000561     2.011732042    -3.090275248
     71     2.120427485     0.988267887    -6.171226054      2.120428473     0.988270007    -3.085609941
     72     3.148082200     0.238265585    -2.893491991      3.148082438     0.238268733    -1.446744549
     73    -0.982705904     2.752402534    -1.417130671     -0.982703151     2.752401552    -0.708564627
     74    -0.000001486     2.002401553    -3.635939554      0.000000517     2.002401553    -1.817967959
     75     0.982702903     0.997598397    -3.592758608      0.982703901     0.997599380    -1.796377508
     76     1.019767315     0.247597447    -1.373948975      1.019767563     0.247598467    -0.686973801
     77    -0.264239158     2.709220892    -0.166653816     -0.264236448     2.709220628    -0.083326825
     78    -0.000001498     1.959220667    -1.223601446      0.000000461     1.959220667    -0.611800111
     79     0.264236157     1.040779314    -1.396641817      0.264237197     1.040779578    -0.698320210
     80     0.126586573     0.290779101    -0.339693983      0.126586864     0.290779228    -0.169846822
