 Node            Displacements                Applied/reaction forces
number     1-direction     2-direction      1-direction     2-direction
     1     0.000000000     0.000000000      0.000000000     0.000000000
     2     0.000000000     0.000000000      0.000000000     0.000000000
     3  -124.630873565  -160.347356328      0.000000000     0.000000000
     4   124.102459768  -158.585977005      0.000000000     0.000000000
     5  -200.946581702  -512.060559684      0.000000000     0.000000000
     6   199.453418298  -510.606106983      0.000000000     0.000000000
     7  -240.824274516  -971.420638585      0.000000000     0.000000000
     8   238.442392151  -969.912694748      0.000000000     0.000000000
     9  -256.441919015 -1477.549287524      0.000000000     0.000000000
    10   253.158080985 -1476.050712476      0.000000000     0.000000000
    11  -259.925110901 -1994.083574318      0.000000000     0.000000000
    12   255.741555766 -1992.583092348      0.000000000     0.000000000
                                            ___________     ___________
                              Summation     0.000000000     0.000000000

Element                    Element strain                                   Element Stress
number      1-direction     2-direction     3-direction      1-direction     2-direction     3-direction
      1    -0.264206898     0.880689661   -35.100000000     -0.000000000     0.880689661   -13.500000000
      2    -0.482374804     1.607916012   -27.300000000     -0.000000000     1.607916012   -10.500000000
      3    -0.444359481     1.481198269   -19.500000000     -0.000000000     1.481198269    -7.500000000
      4    -0.450977833     1.503259442   -11.700000000     -0.000000000     1.503259442    -4.500000000
      5    -0.449858553     1.499528508    -3.900000000     -0.000000000     1.499528508    -1.500000000
