 Node            Displacements                Applied/reaction forces
number     1-direction     2-direction      1-direction     2-direction
     1     0.000000000     0.000000000      0.000000000     0.000000000
     2     0.000000000     0.000000000      0.000000000     0.000000000
     3     0.000000000     0.000000000      0.000000000     0.000000000
     4    -0.990042488    -9.847074407      0.000000000     0.000000000
     5     5.034770712     4.491747941      0.000000000     0.000000000
     6     5.277562330     0.658339883      0.000000000     0.000000000
     7     6.237643841    -3.022372963      0.000000000     0.000000000
     8     6.894352996    -9.610756190      0.000000000     0.000000000
     9    10.792428996     5.691886628      0.000000000     0.000000000
    10    11.987274910     0.885253182      0.000000000     0.000000000
    11    13.505218090    -3.552068471      0.000000000     0.000000000
    12    15.181842269   -10.205330457      0.000000000     0.000000000
                                            ___________     ___________
                              Summation     0.000000000     0.000000000

Element                    Element strain                                   Element Stress
number      1-direction     2-direction     3-direction      1-direction     2-direction     3-direction
      1     0.060697905     1.287521956     1.619731246      0.060697905     1.287521956     0.809865623
      2     0.240020378    -0.591008270     1.958623331      0.240020378    -0.591008270     0.979311666
      3    -0.083333333    -0.696513686    -0.578354577     -0.083333333    -0.696513686    -0.289177289
      4     0.359409383     0.356762996     0.956832340      0.359409383     0.356762996     0.478416170
      5     0.619506173    -0.075695553     1.464813082      0.619506173    -0.075695553     0.732406541
      6     0.583333333    -0.281067444     0.578354577      0.583333333    -0.281067444     0.289177289
