/TITLE, CONTINUUM GROUND STRUCTURE
! File: comp2
! Course: MEK 41525
! Element type: PLANE42
! No. of Nodes:     1019
! No. of Elements:      786
/PREP7
! Define element type: ET, type #, name
ET,1,PLANE42
! Define material property: MP, property, card #, value
MP,EX,1,  1.00000000    
MP,PRXY,1, 0.300000000    
! Define nodal coordinate: N, node #, x-coord, y-coord, z-coord
N,       1,  1.95471519    , 0.175431310E-01, 0.
N,       2,  1.96416714    ,  0.00000000    , 0.
N,       3,  1.94712852    ,  0.00000000    , 0.
N,       4,  1.94526325    , 0.350862621E-01, 0.
N,       5,  1.94074714    , 0.149894416E-01, 0.
N,       6,  1.93173124    , 0.313616907E-01, 0.
N,       7,  1.93008989    ,  0.00000000    , 0.
N,       8,  1.92443664    , 0.142910567E-01, 0.
N,       9,  1.93581130    , 0.526293931E-01, 0.
N,      10,  1.91849895    , 0.459899012E-01, 0.
N,      11,  1.92101140    , 0.266912550E-01, 0.
N,      12,  1.90683540    , 0.341864164E-01, 0.
N,      13,  1.91305127    ,  0.00000000    , 0.
N,      14,  1.90615811    , 0.177981207E-01, 0.
N,      15,  1.92635935    , 0.701725242E-01, 0.
N,      16,  1.90571503    , 0.593846931E-01, 0.
N,      17,  1.88602073    , 0.428698400E-01, 0.
N,      18,  1.88808333    , 0.202521973E-01, 0.
N,      19,  1.89601265    ,  0.00000000    , 0.
N,      20,  1.91690741    , 0.877156552E-01, 0.
N,      21,  1.89501467    , 0.746920236E-01, 0.
N,      22,  1.87378308    , 0.624343739E-01, 0.
N,      23,  1.85085628    , 0.521874754E-01, 0.
N,      24,  1.86022886    , 0.347916503E-01, 0.
N,      25,  1.86960144    , 0.173958251E-01, 0.
N,      26,  1.87897402    ,  0.00000000    , 0.
N,      27,  1.90745546    , 0.105258786    , 0.
N,      28,  1.88553460    , 0.926833280E-01, 0.
N,      29,  1.86371131    , 0.807164115E-01, 0.
N,      30,  1.84148370    , 0.695833005E-01, 0.
N,      31,  1.89800351    , 0.122801917    , 0.
N,      32,  1.87596053    , 0.110439379    , 0.
N,      33,  1.85417409    , 0.985395827E-01, 0.
N,      34,  1.83211112    , 0.869791256E-01, 0.
N,      35,  1.88855157    , 0.140345048    , 0.
N,      36,  1.86645839    , 0.127965645    , 0.
N,      37,  1.84457527    , 0.115980335    , 0.
N,      38,  1.82273854    , 0.104374951    , 0.
N,      39,  1.87909962    , 0.157888179    , 0.
N,      40,  1.85707087    , 0.145614508    , 0.
N,      41,  1.83503093    , 0.133393756    , 0.
N,      42,  1.81336596    , 0.121770776    , 0.
N,      43,  1.86964767    , 0.175431310    , 0.
N,      44,  1.84758536    , 0.163042432    , 0.
N,      45,  1.82574410    , 0.150926608    , 0.
N,      46,  1.80399338    , 0.139166601    , 0.
N,      47,  1.86019573    , 0.192974441    , 0.
N,      48,  1.83816117    , 0.180571432    , 0.
N,      49,  1.81595086    , 0.168213692    , 0.
N,      50,  1.79462080    , 0.156562426    , 0.
N,      51,  1.85074378    , 0.210517572    , 0.
N,      52,  1.82780597    , 0.197367182    , 0.
N,      53,  1.80654812    , 0.185659610    , 0.
N,      54,  1.78524822    , 0.173958251    , 0.
N,      55,  1.84129183    , 0.228060704    , 0.
N,      56,  1.81837906    , 0.214857245    , 0.
N,      57,  1.79714763    , 0.203103186    , 0.
N,      58,  1.77587563    , 0.191354076    , 0.
N,      59,  1.83183989    , 0.245603835    , 0.
N,      60,  1.80895294    , 0.232346415    , 0.
N,      61,  1.78774808    , 0.220545712    , 0.
N,      62,  1.76650305    , 0.208749902    , 0.
N,      63,  1.82238794    , 0.263146966    , 0.
N,      64,  1.79952712    , 0.249835090    , 0.
N,      65,  1.77834891    , 0.237987747    , 0.
N,      66,  1.75713047    , 0.226145727    , 0.
N,      67,  1.81293599    , 0.280690097    , 0.
N,      68,  1.79010140    , 0.267323464    , 0.
N,      69,  1.76894988    , 0.255429534    , 0.
N,      70,  1.74775789    , 0.243541552    , 0.
N,      71,  1.80348405    , 0.298233228    , 0.
N,      72,  1.78067568    , 0.284811635    , 0.
N,      73,  1.75955090    , 0.272871183    , 0.
N,      74,  1.73838531    , 0.260937377    , 0.
N,      75,  1.79403210    , 0.315776359    , 0.
N,      76,  1.77124993    , 0.302299654    , 0.
N,      77,  1.75015191    , 0.290312742    , 0.
N,      78,  1.72901273    , 0.278333202    , 0.
N,      79,  1.78458015    , 0.333319490    , 0.
N,      80,  1.76182413    , 0.319787548    , 0.
N,      81,  1.74075291    , 0.307754236    , 0.
N,      82,  1.71964015    , 0.295729027    , 0.
N,      83,  1.77512820    , 0.350862621    , 0.
N,      84,  1.75239826    , 0.337275335    , 0.
N,      85,  1.73135387    , 0.325195675    , 0.
N,      86,  1.71026757    , 0.313124852    , 0.
N,      87,  1.76567626    , 0.368405752    , 0.
N,      88,  1.74297232    , 0.354763023    , 0.
N,      89,  1.72195481    , 0.342637067    , 0.
N,      90,  1.70089499    , 0.330520677    , 0.
N,      91,  1.75622431    , 0.385948883    , 0.
N,      92,  1.73354631    , 0.372250619    , 0.
N,      93,  1.71255570    , 0.360078414    , 0.
N,      94,  1.69152241    , 0.347916503    , 0.
N,      95,  1.74677236    , 0.403492014    , 0.
N,      96,  1.72412024    , 0.389738124    , 0.
N,      97,  1.70315657    , 0.377519720    , 0.
N,      98,  1.68214983    , 0.365312328    , 0.
N,      99,  1.73732042    , 0.421035145    , 0.
N,     100,  1.71469409    , 0.407225543    , 0.
N,     101,  1.69375739    , 0.394960983    , 0.
N,     102,  1.67277725    , 0.382708153    , 0.
N,     103,  1.72786847    , 0.438578276    , 0.
N,     104,  1.70526788    , 0.424712874    , 0.
N,     105,  1.68435818    , 0.412402207    , 0.
N,     106,  1.66340467    , 0.400103978    , 0.
N,     107,  1.71841652    , 0.456121407    , 0.
N,     108,  1.69584160    , 0.442200120    , 0.
N,     109,  1.67495894    , 0.429843390    , 0.
N,     110,  1.65403208    , 0.417499803    , 0.
N,     111,  1.70896458    , 0.473664538    , 0.
N,     112,  1.68641525    , 0.459687280    , 0.
N,     113,  1.66555966    , 0.447284533    , 0.
N,     114,  1.64465950    , 0.434895628    , 0.
N,     115,  1.69951263    , 0.491207669    , 0.
N,     116,  1.67698884    , 0.477174355    , 0.
N,     117,  1.65616035    , 0.464725636    , 0.
N,     118,  1.63528692    , 0.452291453    , 0.
N,     119,  1.69006068    , 0.508750800    , 0.
N,     120,  1.66756236    , 0.494661345    , 0.
N,     121,  1.64676100    , 0.482166700    , 0.
N,     122,  1.62591434    , 0.469687278    , 0.
N,     123,  1.68060874    , 0.526293931    , 0.
N,     124,  1.65813582    , 0.512148249    , 0.
N,     125,  1.63736162    , 0.499607723    , 0.
N,     126,  1.61654176    , 0.487083104    , 0.
N,     127,  1.67115679    , 0.543837062    , 0.
N,     128,  1.64870922    , 0.529635068    , 0.
N,     129,  1.62796220    , 0.517048706    , 0.
N,     130,  1.60716918    , 0.504478929    , 0.
N,     131,  1.66170484    , 0.561380193    , 0.
N,     132,  1.63928255    , 0.547121799    , 0.
N,     133,  1.61856276    , 0.534489648    , 0.
N,     134,  1.59779660    , 0.521874754    , 0.
N,     135,  1.65225290    , 0.578923324    , 0.
N,     136,  1.62985582    , 0.564608442    , 0.
N,     137,  1.60916328    , 0.551930548    , 0.
N,     138,  1.58842402    , 0.539270579    , 0.
N,     139,  1.64280095    , 0.596466455    , 0.
N,     140,  1.62042902    , 0.582094996    , 0.
N,     141,  1.59976376    , 0.569371407    , 0.
N,     142,  1.57905144    , 0.556666404    , 0.
N,     143,  1.63334900    , 0.614009586    , 0.
N,     144,  1.61100217    , 0.599581461    , 0.
N,     145,  1.59036422    , 0.586812224    , 0.
N,     146,  1.56967886    , 0.574062229    , 0.
N,     147,  1.62389706    , 0.631552717    , 0.
N,     148,  1.60157525    , 0.617067836    , 0.
N,     149,  1.58096464    , 0.604252998    , 0.
N,     150,  1.56030628    , 0.591458054    , 0.
N,     151,  1.61444511    , 0.649095849    , 0.
N,     152,  1.59214827    , 0.634554120    , 0.
N,     153,  1.57156503    , 0.621693731    , 0.
N,     154,  1.55093370    , 0.608853880    , 0.
N,     155,  1.60499316    , 0.666638980    , 0.
N,     156,  1.58272124    , 0.652040314    , 0.
N,     157,  1.56216539    , 0.639134420    , 0.
N,     158,  1.54156111    , 0.626249705    , 0.
N,     159,  1.59554122    , 0.684182111    , 0.
N,     160,  1.57329415    , 0.669526416    , 0.
N,     161,  1.55276572    , 0.656575067    , 0.
N,     162,  1.53218853    , 0.643645530    , 0.
N,     163,  1.58608927    , 0.701725242    , 0.
N,     164,  1.56386700    , 0.687012427    , 0.
N,     165,  1.54336601    , 0.674015672    , 0.
N,     166,  1.52281595    , 0.661041355    , 0.
N,     167,  1.57663732    , 0.719268373    , 0.
N,     168,  1.55443979    , 0.704498347    , 0.
N,     169,  1.53396628    , 0.691456233    , 0.
N,     170,  1.51344337    , 0.678437180    , 0.
N,     171,  1.56718538    , 0.736811504    , 0.
N,     172,  1.54501253    , 0.721984174    , 0.
N,     173,  1.52456652    , 0.708896752    , 0.
N,     174,  1.50407079    , 0.695833005    , 0.
N,     175,  1.55773343    , 0.754354635    , 0.
N,     176,  1.53558521    , 0.739469912    , 0.
N,     177,  1.51516673    , 0.726337228    , 0.
N,     178,  1.49469821    , 0.713228830    , 0.
N,     179,  1.54828148    , 0.771897766    , 0.
N,     180,  1.52615784    , 0.756955556    , 0.
N,     181,  1.50576691    , 0.743777652    , 0.
N,     182,  1.48532563    , 0.730624655    , 0.
N,     183,  1.53882954    , 0.789440897    , 0.
N,     184,  1.51673042    , 0.774441088    , 0.
N,     185,  1.49636705    , 0.761218072    , 0.
N,     186,  1.47595305    , 0.748020481    , 0.
N,     187,  1.52937759    , 0.806984028    , 0.
N,     188,  1.50730290    , 0.791926591    , 0.
N,     189,  1.48696715    , 0.778658461    , 0.
N,     190,  1.46658047    , 0.765416306    , 0.
N,     191,  1.51992564    , 0.824527159    , 0.
N,     192,  1.49787529    , 0.809412030    , 0.
N,     193,  1.47756739    , 0.796098411    , 0.
N,     194,  1.45720789    , 0.782812131    , 0.
N,     195,  1.51047370    , 0.842070290    , 0.
N,     196,  1.48844792    , 0.826896929    , 0.
N,     197,  1.46816805    , 0.813536798    , 0.
N,     198,  1.44783531    , 0.800207956    , 0.
N,     199,  1.50102175    , 0.859613421    , 0.
N,     200,  1.47902277    , 0.844377868    , 0.
N,     201,  1.45876513    , 0.830996832    , 0.
N,     202,  1.43846273    , 0.817603781    , 0.
N,     203,  1.49156980    , 0.877156552    , 0.
N,     204,  1.46957169    , 0.861930459    , 0.
N,     205,  1.44929107    , 0.849068080    , 0.
N,     206,  1.42909015    , 0.834999606    , 0.
N,     207,  1.48211785    , 0.894699683    , 0.
N,     208,  1.46056981    , 0.881024475    , 0.
N,     209,  1.43993110    , 0.867185678    , 0.
N,     210,  1.41971756    , 0.852395431    , 0.
N,     211,  1.47266591    , 0.912242814    , 0.
N,     212,  1.45005522    , 0.900096118    , 0.
N,     213,  1.43006445    , 0.885352855    , 0.
N,     214,  1.41034498    , 0.869791256    , 0.
N,     215,  1.46321396    , 0.929785945    , 0.
N,     216,  1.43559371    , 0.920530918    , 0.
N,     217,  1.41859183    , 0.901395890    , 0.
N,     218,  1.40097240    , 0.887187082    , 0.
N,     219,  1.45376201    , 0.947329076    , 0.
N,     220,  1.43091058    , 0.943890196    , 0.
N,     221,  1.40742621    , 0.946178931    , 0.
N,     222,  1.40413868    , 0.914700104    , 0.
N,     223,  1.40891968    , 0.929291533    , 0.
N,     224,  1.39159982    , 0.904582907    , 0.
N,     225,  1.44431007    , 0.964872207    , 0.
N,     226,  1.42338958    , 0.963631137    , 0.
N,     227,  1.40231426    , 0.964550048    , 0.
N,     228,  1.38311861    , 0.950450396    , 0.
N,     229,  1.38360171    , 0.937058093    , 0.
N,     230,  1.38083269    , 0.966543459    , 0.
N,     231,  1.38222724    , 0.921978732    , 0.
N,     232,  1.38411542    , 0.926144941    , 0.
N,     233,  1.43485812    , 0.982415338    , 0.
N,     234,  1.41532094    , 0.982862434    , 0.
N,     235,  1.39578376    , 0.983309530    , 0.
N,     236,  1.37624658    , 0.983756626    , 0.
N,     237,  1.36079388    , 0.953372809    , 0.
N,     238,  1.35909302    , 0.968193794    , 0.
N,     239,  1.35459318    , 0.940045743    , 0.
N,     240,  1.36082834    , 0.929342109    , 0.
N,     241,  1.35670941    , 0.984203722    , 0.
N,     242,  1.36567272    , 0.922778680    , 0.
N,     243,  1.33910263    , 0.953391382    , 0.
N,     244,  1.33762835    , 0.968198263    , 0.
N,     245,  1.33717223    , 0.984650818    , 0.
N,     246,  1.31961780    , 0.948179472    , 0.
N,     247,  1.33039387    , 0.934483480    , 0.
N,     248,  1.34313596    , 0.921861383    , 0.
N,     249,  1.34974107    , 0.911034828    , 0.
N,     250,  1.31661119    , 0.966147358    , 0.
N,     251,  1.31763505    , 0.985097914    , 0.
N,     252,  1.31291999    , 0.926064761    , 0.
N,     253,  1.29686691    , 0.964657448    , 0.
N,     254,  1.29695961    , 0.942124968    , 0.
N,     255,  1.32384122    , 0.912310049    , 0.
N,     256,  1.33380942    , 0.899290976    , 0.
N,     257,  1.29809787    , 0.985545010    , 0.
N,     258,  1.28659017    , 0.926600111    , 0.
N,     259,  1.29813285    , 0.913932733    , 0.
N,     260,  1.30772674    , 0.900740461    , 0.
N,     261,  1.27856069    , 0.985992106    , 0.
N,     262,  1.27359001    , 0.946657912    , 0.
N,     263,  1.27683019    , 0.965734888    , 0.
N,     264,  1.26704320    , 0.927544661    , 0.
N,     265,  1.31787777    , 0.887547123    , 0.
N,     266,  1.27092710    , 0.915054240    , 0.
N,     267,  1.28150476    , 0.902150019    , 0.
N,     268,  1.29172192    , 0.889030344    , 0.
N,     269,  1.30194613    , 0.875803271    , 0.
N,     270,  1.25902351    , 0.986439202    , 0.
N,     271,  1.25616942    , 0.966906450    , 0.
N,     272,  1.24749623    , 0.928489211    , 0.
N,     273,  1.25259775    , 0.947731711    , 0.
N,     274,  1.25526403    , 0.903508369    , 0.
N,     275,  1.26544961    , 0.890417917    , 0.
N,     276,  1.27566627    , 0.877251056    , 0.
N,     277,  1.28601448    , 0.864059419    , 0.
N,     278,  1.23948633    , 0.986886298    , 0.
N,     279,  1.23611866    , 0.967629042    , 0.
N,     280,  1.23231322    , 0.948501815    , 0.
N,     281,  1.22794926    , 0.929433761    , 0.
N,     282,  1.23960097    , 0.891962498    , 0.
N,     283,  1.24979194    , 0.878517736    , 0.
N,     284,  1.25976134    , 0.865385414    , 0.
N,     285,  1.27008283    , 0.852315567    , 0.
N,     286,  1.21994915    , 0.987333393    , 0.
N,     287,  1.21626688    , 0.968274073    , 0.
N,     288,  1.21250669    , 0.949352462    , 0.
N,     289,  1.20840229    , 0.930378310    , 0.
N,     290,  1.22393790    , 0.880416627    , 0.
N,     291,  1.23387682    , 0.866870798    , 0.
N,     292,  1.24391077    , 0.853639228    , 0.
N,     293,  1.25415118    , 0.840571715    , 0.
N,     294,  1.20041198    , 0.987780489    , 0.
N,     295,  1.19658258    , 0.968873118    , 0.
N,     296,  1.19280300    , 0.949919071    , 0.
N,     297,  1.18885531    , 0.931322860    , 0.
N,     298,  1.20827483    , 0.868870756    , 0.
N,     299,  1.21807386    , 0.855311692    , 0.
N,     300,  1.22802647    , 0.841959562    , 0.
N,     301,  1.23821953    , 0.828827862    , 0.
N,     302,  1.18087480    , 0.988227585    , 0.
N,     303,  1.17695927    , 0.969511700    , 0.
N,     304,  1.17320513    , 0.950885635    , 0.
N,     305,  1.16930834    , 0.932267410    , 0.
N,     306,  1.19261176    , 0.857324885    , 0.
N,     307,  1.20234545    , 0.843748815    , 0.
N,     308,  1.21220810    , 0.830327536    , 0.
N,     309,  1.22228788    , 0.817084010    , 0.
N,     310,  1.16133762    , 0.988674681    , 0.
N,     311,  1.15736037    , 0.970141257    , 0.
N,     312,  1.15350786    , 0.951534558    , 0.
N,     313,  1.14976137    , 0.933211960    , 0.
N,     314,  1.17694869    , 0.845779014    , 0.
N,     315,  1.18665038    , 0.832207181    , 0.
N,     316,  1.19644536    , 0.818707472    , 0.
N,     317,  1.20635623    , 0.805340158    , 0.
N,     318,  1.14180044    , 0.989121777    , 0.
N,     319,  1.13779537    , 0.970738466    , 0.
N,     320,  1.13393381    , 0.952435066    , 0.
N,     321,  1.13021440    , 0.934156510    , 0.
N,     322,  1.16128562    , 0.834233143    , 0.
N,     323,  1.17084575    , 0.820681380    , 0.
N,     324,  1.18058374    , 0.807059945    , 0.
N,     325,  1.19042458    , 0.793596306    , 0.
N,     326,  1.12226326    , 0.989568873    , 0.
N,     327,  1.11827017    , 0.971358361    , 0.
N,     328,  1.11438081    , 0.953092696    , 0.
N,     329,  1.11066743    , 0.935101059    , 0.
N,     330,  1.14562255    , 0.822687272    , 0.
N,     331,  1.15514604    , 0.809126984    , 0.
N,     332,  1.16473974    , 0.795548520    , 0.
N,     333,  1.17449293    , 0.781852453    , 0.
N,     334,  1.10272608    , 0.990015969    , 0.
N,     335,  1.09870624    , 0.971977261    , 0.
N,     336,  1.09494395    , 0.953976336    , 0.
N,     337,  1.09112046    , 0.936045609    , 0.
N,     338,  1.12995948    , 0.811141401    , 0.
N,     339,  1.13951360    , 0.797525033    , 0.
N,     340,  1.14912031    , 0.783948087    , 0.
N,     341,  1.15856128    , 0.770108601    , 0.
N,     342,  1.08318890    , 0.990463065    , 0.
N,     343,  1.07921420    , 0.972595891    , 0.
N,     344,  1.07529496    , 0.954771048    , 0.
N,     345,  1.07157348    , 0.936990159    , 0.
N,     346,  1.11429641    , 0.799595530    , 0.
N,     347,  1.12382335    , 0.785977535    , 0.
N,     348,  1.13331403    , 0.772184308    , 0.
N,     349,  1.14262963    , 0.758364749    , 0.
N,     350,  1.06365172    , 0.990910161    , 0.
N,     351,  1.05967167    , 0.973216640    , 0.
N,     352,  1.05574073    , 0.955507118    , 0.
N,     353,  1.05202651    , 0.937934709    , 0.
N,     354,  1.09863334    , 0.788049659    , 0.
N,     355,  1.10823924    , 0.774487462    , 0.
N,     356,  1.11753984    , 0.760556120    , 0.
N,     357,  1.12669798    , 0.746620897    , 0.
N,     358,  1.04411455    , 0.991357257    , 0.
N,     359,  1.04008505    , 0.973839808    , 0.
N,     360,  1.03621414    , 0.956372696    , 0.
N,     361,  1.03247954    , 0.938879259    , 0.
N,     362,  1.08297027    , 0.776503788    , 0.
N,     363,  1.09248057    , 0.762776330    , 0.
N,     364,  1.10175767    , 0.748949835    , 0.
N,     365,  1.11076633    , 0.734877045    , 0.
N,     366,  1.02457737    , 0.991804353    , 0.
N,     367,  1.02058022    , 0.974459343    , 0.
N,     368,  1.01670492    , 0.957071666    , 0.
N,     369,  1.01293257    , 0.939823808    , 0.
N,     370,  1.06730720    , 0.764957917    , 0.
N,     371,  1.07677003    , 0.751292817    , 0.
N,     372,  1.08591137    , 0.737299812    , 0.
N,     373,  1.09483468    , 0.723133192    , 0.
N,     374,  1.00504019    , 0.992251449    , 0.
N,     375,  1.00100777    , 0.975044231    , 0.
N,     376, 0.997350324    , 0.957888806    , 0.
N,     377, 0.993385598    , 0.940768358    , 0.
N,     378,  1.05164414    , 0.753412046    , 0.
N,     379,  1.06088012    , 0.739666761    , 0.
N,     380,  1.07000971    , 0.725560244    , 0.
N,     381,  1.07890303    , 0.711389340    , 0.
N,     382, 0.985503009    , 0.992698544    , 0.
N,     383, 0.981591233    , 0.975597441    , 0.
N,     384, 0.977476033    , 0.958602741    , 0.
N,     385, 0.973838626    , 0.941712908    , 0.
N,     386,  1.03598107    , 0.741866175    , 0.
N,     387,  1.04528031    , 0.728051567    , 0.
N,     388,  1.05419463    , 0.713874959    , 0.
N,     389,  1.06297138    , 0.699645488    , 0.
N,     390, 0.965965830    , 0.993145640    , 0.
N,     391, 0.961938960    , 0.975976263    , 0.
N,     392, 0.958409603    , 0.959284415    , 0.
N,     393, 0.954291654    , 0.942657458    , 0.
N,     394,  1.02031800    , 0.730320304    , 0.
N,     395,  1.02947438    , 0.716338338    , 0.
N,     396,  1.03837657    , 0.702213415    , 0.
N,     397,  1.04703973    , 0.687901636    , 0.
N,     398, 0.946428651    , 0.993592736    , 0.
N,     399, 0.943937212    , 0.976807384    , 0.
N,     400, 0.938789959    , 0.959517774    , 0.
N,     401, 0.934744682    , 0.943602008    , 0.
N,     402,  1.00465493    , 0.718774433    , 0.
N,     403,  1.01376270    , 0.704744524    , 0.
N,     404,  1.02241755    , 0.690443864    , 0.
N,     405,  1.03110808    , 0.676157783    , 0.
N,     406, 0.926891472    , 0.994039832    , 0.
N,     407, 0.925961099    , 0.976807344    , 0.
N,     408, 0.923845337    , 0.960548024    , 0.
N,     409, 0.918690970    , 0.943026631    , 0.
N,     410, 0.928059200    , 0.924855813    , 0.
N,     411, 0.911846306    , 0.926806223    , 0.
N,     412, 0.988991858    , 0.707228562    , 0.
N,     413, 0.997720764    , 0.693062740    , 0.
N,     414,  1.00648015    , 0.678939402    , 0.
N,     415,  1.01517643    , 0.664413931    , 0.
N,     416, 0.908734999    , 0.991078848    , 0.
N,     417, 0.908384455    , 0.974986781    , 0.
N,     418, 0.907498307    , 0.958722071    , 0.
N,     419, 0.907814604    , 0.946219693    , 0.
N,     420, 0.896538600    , 0.937157755    , 0.
N,     421, 0.921373717    , 0.906109618    , 0.
N,     422, 0.904854232    , 0.909387690    , 0.
N,     423, 0.889268970    , 0.915179263    , 0.
N,     424, 0.973328789    , 0.695682691    , 0.
N,     425, 0.981882174    , 0.681378427    , 0.
N,     426, 0.990785859    , 0.667135557    , 0.
N,     427, 0.999244785    , 0.652670079    , 0.
N,     428, 0.890578526    , 0.988117864    , 0.
N,     429, 0.890932299    , 0.971960241    , 0.
N,     430, 0.891683724    , 0.955433973    , 0.
N,     431, 0.872459747    , 0.917803869    , 0.
N,     432, 0.878782750    , 0.935533666    , 0.
N,     433, 0.876009352    , 0.952455534    , 0.
N,     434, 0.914688234    , 0.887363423    , 0.
N,     435, 0.898556019    , 0.891707776    , 0.
N,     436, 0.882413322    , 0.896217687    , 0.
N,     437, 0.866136744    , 0.900074073    , 0.
N,     438, 0.957665720    , 0.684136820    , 0.
N,     439, 0.966396141    , 0.669844272    , 0.
N,     440, 0.974862121    , 0.655364045    , 0.
N,     441, 0.983313136    , 0.640926227    , 0.
N,     442, 0.872422052    , 0.985156880    , 0.
N,     443, 0.873417080    , 0.968650554    , 0.
N,     444, 0.859562002    , 0.932399118    , 0.
N,     445, 0.857621900    , 0.948789719    , 0.
N,     446, 0.855683177    , 0.965437356    , 0.
N,     447, 0.908002752    , 0.868617228    , 0.
N,     448, 0.892046140    , 0.873285217    , 0.
N,     449, 0.875972644    , 0.877913876    , 0.
N,     450, 0.859813741    , 0.882344277    , 0.
N,     451, 0.942002651    , 0.672590949    , 0.
N,     452, 0.950580619    , 0.658191697    , 0.
N,     453, 0.958973246    , 0.643802753    , 0.
N,     454, 0.967381486    , 0.629182374    , 0.
N,     455, 0.854265579    , 0.982195896    , 0.
N,     456, 0.840341253    , 0.929264570    , 0.
N,     457, 0.838850467    , 0.945716124    , 0.
N,     458, 0.837673532    , 0.962325835    , 0.
N,     459, 0.836109106    , 0.979234912    , 0.
N,     460, 0.901317269    , 0.849871033    , 0.
N,     461, 0.885491815    , 0.854878588    , 0.
N,     462, 0.869496261    , 0.859698500    , 0.
N,     463, 0.853490738    , 0.864614481    , 0.
N,     464, 0.926339582    , 0.661045078    , 0.
N,     465, 0.934629049    , 0.646533470    , 0.
N,     466, 0.943088138    , 0.632167885    , 0.
N,     467, 0.951449837    , 0.617438522    , 0.
N,     468, 0.821120505    , 0.926130023    , 0.
N,     469, 0.819923408    , 0.942703811    , 0.
N,     470, 0.818975804    , 0.959400435    , 0.
N,     471, 0.817952632    , 0.976273928    , 0.
N,     472, 0.894631786    , 0.831124838    , 0.
N,     473, 0.878912330    , 0.836472814    , 0.
N,     474, 0.862930702    , 0.841528713    , 0.
N,     475, 0.847167735    , 0.846884684    , 0.
N,     476, 0.910676512    , 0.649499207    , 0.
N,     477, 0.918856228    , 0.634893702    , 0.
N,     478, 0.927349413    , 0.620387588    , 0.
N,     479, 0.935518187    , 0.605694670    , 0.
N,     480, 0.801899756    , 0.922995475    , 0.
N,     481, 0.801106535    , 0.939680989    , 0.
N,     482, 0.800428326    , 0.956412235    , 0.
N,     483, 0.799796159    , 0.973312944    , 0.
N,     484, 0.887946303    , 0.812378643    , 0.
N,     485, 0.872366271    , 0.817921080    , 0.
N,     486, 0.856661436    , 0.823453107    , 0.
N,     487, 0.840844732    , 0.829154888    , 0.
N,     488, 0.895013443    , 0.637953336    , 0.
N,     489, 0.903188144    , 0.623407971    , 0.
N,     490, 0.911410304    , 0.608629466    , 0.
N,     491, 0.919586538    , 0.593950818    , 0.
N,     492, 0.782679008    , 0.919860927    , 0.
N,     493, 0.782233717    , 0.936628777    , 0.
N,     494, 0.782037272    , 0.953472951    , 0.
N,     495, 0.781639685    , 0.970351959    , 0.
N,     496, 0.881260821    , 0.793632448    , 0.
N,     497, 0.865785889    , 0.799444697    , 0.
N,     498, 0.850216050    , 0.805297565    , 0.
N,     499, 0.834521729    , 0.811425092    , 0.
N,     500, 0.879350374    , 0.626407465    , 0.
N,     501, 0.887486945    , 0.611658607    , 0.
N,     502, 0.895467800    , 0.596969716    , 0.
N,     503, 0.903654888    , 0.582206966    , 0.
N,     504, 0.763458259    , 0.916726380    , 0.
N,     505, 0.763693829    , 0.933864768    , 0.
N,     506, 0.763599007    , 0.950604449    , 0.
N,     507, 0.763483212    , 0.967390975    , 0.
N,     508, 0.874575338    , 0.774886253    , 0.
N,     509, 0.859148277    , 0.780854371    , 0.
N,     510, 0.843687690    , 0.787149063    , 0.
N,     511, 0.828198726    , 0.793695295    , 0.
N,     512, 0.863687305    , 0.614861594    , 0.
N,     513, 0.871529424    , 0.600090345    , 0.
N,     514, 0.879420786    , 0.585253073    , 0.
N,     515, 0.887723239    , 0.570463113    , 0.
N,     516, 0.763980488    , 0.897886430    , 0.
N,     517, 0.744350926    , 0.931052049    , 0.
N,     518, 0.745358714    , 0.914344776    , 0.
N,     519, 0.746421124    , 0.895530807    , 0.
N,     520, 0.746034135    , 0.948080473    , 0.
N,     521, 0.745326739    , 0.964429991    , 0.
N,     522, 0.867889855    , 0.756140058    , 0.
N,     523, 0.852493345    , 0.762379611    , 0.
N,     524, 0.837207526    , 0.769082692    , 0.
N,     525, 0.821875723    , 0.775965499    , 0.
N,     526, 0.848024236    , 0.603315723    , 0.
N,     527, 0.855552179    , 0.588418507    , 0.
N,     528, 0.863535422    , 0.573670053    , 0.
N,     529, 0.871791589    , 0.558719261    , 0.
N,     530, 0.764502718    , 0.879046480    , 0.
N,     531, 0.747550185    , 0.876453838    , 0.
N,     532, 0.731597353    , 0.947315473    , 0.
N,     533, 0.726706248    , 0.911989199    , 0.
N,     534, 0.722250868    , 0.932129468    , 0.
N,     535, 0.729746024    , 0.893080212    , 0.
N,     536, 0.731089499    , 0.873722286    , 0.
N,     537, 0.727170265    , 0.961469007    , 0.
N,     538, 0.861204372    , 0.737393864    , 0.
N,     539, 0.845882095    , 0.743755246    , 0.
N,     540, 0.830758685    , 0.750912980    , 0.
N,     541, 0.815552720    , 0.758235703    , 0.
N,     542, 0.832361166    , 0.591769852    , 0.
N,     543, 0.839726935    , 0.576753961    , 0.
N,     544, 0.847585500    , 0.561763199    , 0.
N,     545, 0.855859940    , 0.546975409    , 0.
N,     546, 0.765024947    , 0.860206530    , 0.
N,     547, 0.748336580    , 0.857260801    , 0.
N,     548, 0.731745086    , 0.854669512    , 0.
N,     549, 0.710866400    , 0.951253188    , 0.
N,     550, 0.714166587    , 0.890479880    , 0.
N,     551, 0.708742725    , 0.905011751    , 0.
N,     552, 0.702915330    , 0.923461634    , 0.
N,     553, 0.694562534    , 0.941037368    , 0.
N,     554, 0.714698364    , 0.871295488    , 0.
N,     555, 0.715230141    , 0.852111095    , 0.
N,     556, 0.854518890    , 0.718647669    , 0.
N,     557, 0.839517081    , 0.725769064    , 0.
N,     558, 0.824340307    , 0.732857348    , 0.
N,     559, 0.809229717    , 0.740505907    , 0.
N,     560, 0.816698097    , 0.580223980    , 0.
N,     561, 0.823552347    , 0.564990856    , 0.
N,     562, 0.831260701    , 0.550190398    , 0.
N,     563, 0.839928290    , 0.535231557    , 0.
N,     564, 0.765547176    , 0.841366580    , 0.
N,     565, 0.748939385    , 0.838453499    , 0.
N,     566, 0.732204763    , 0.835453597    , 0.
N,     567, 0.715761918    , 0.832926702    , 0.
N,     568, 0.699064354    , 0.879600982    , 0.
N,     569, 0.692203412    , 0.896586957    , 0.
N,     570, 0.685110436    , 0.913313791    , 0.
N,     571, 0.678258668    , 0.930821549    , 0.
N,     572, 0.847833407    , 0.699901474    , 0.
N,     573, 0.832920662    , 0.707161821    , 0.
N,     574, 0.817965833    , 0.714890155    , 0.
N,     575, 0.802906714    , 0.722776110    , 0.
N,     576, 0.806023514    , 0.554029419    , 0.
N,     577, 0.801035028    , 0.568678109    , 0.
N,     578, 0.813860592    , 0.539393296    , 0.
N,     579, 0.823996641    , 0.523487704    , 0.
N,     580, 0.766069406    , 0.822526630    , 0.
N,     581, 0.749479259    , 0.819567645    , 0.
N,     582, 0.732749244    , 0.816424645    , 0.
N,     583, 0.716293695    , 0.813742309    , 0.
N,     584, 0.683962120    , 0.868722084    , 0.
N,     585, 0.676419250    , 0.885918696    , 0.
N,     586, 0.669085036    , 0.903183489    , 0.
N,     587, 0.661954803    , 0.920605730    , 0.
N,     588, 0.841147924    , 0.681155279    , 0.
N,     589, 0.826310567    , 0.688805862    , 0.
N,     590, 0.811455832    , 0.696759625    , 0.
N,     591, 0.796583711    , 0.705046314    , 0.
N,     592, 0.799658172    , 0.529022343    , 0.
N,     593, 0.775305505    , 0.566607545    , 0.
N,     594, 0.782461790    , 0.545400904    , 0.
N,     595, 0.807720511    , 0.587424304    , 0.
N,     596, 0.766236075    , 0.585051301    , 0.
N,     597, 0.793647805    , 0.598730807    , 0.
N,     598, 0.780178696    , 0.591983539    , 0.
N,     599, 0.808064991    , 0.511743852    , 0.
N,     600, 0.766591635    , 0.803686679    , 0.
N,     601, 0.749999679    , 0.800638742    , 0.
N,     602, 0.733283997    , 0.797391074    , 0.
N,     603, 0.716825472    , 0.794557916    , 0.
N,     604, 0.668859887    , 0.857843185    , 0.
N,     605, 0.660907293    , 0.875315030    , 0.
N,     606, 0.653189206    , 0.892780177    , 0.
N,     607, 0.645650937    , 0.910389910    , 0.
N,     608, 0.834462442    , 0.662409084    , 0.
N,     609, 0.819714960    , 0.670483183    , 0.
N,     610, 0.805032985    , 0.678774369    , 0.
N,     611, 0.790260708    , 0.687316518    , 0.
N,     612, 0.792133342    , 0.500000000    , 0.
N,     613, 0.789682059    , 0.518803249    , 0.
N,     614, 0.776822465    , 0.522705307    , 0.
N,     615, 0.747785739    , 0.583495155    , 0.
N,     616, 0.752024792    , 0.565241880    , 0.
N,     617, 0.758649112    , 0.545244046    , 0.
N,     618, 0.761193665    , 0.523965010    , 0.
N,     619, 0.814405993    , 0.606170499    , 0.
N,     620, 0.800896064    , 0.615960583    , 0.
N,     621, 0.756332224    , 0.606540553    , 0.
N,     622, 0.740815617    , 0.603756899    , 0.
N,     623, 0.770550712    , 0.606532181    , 0.
N,     624, 0.782197614    , 0.610139784    , 0.
N,     625, 0.786668737    , 0.625783302    , 0.
N,     626, 0.767113864    , 0.784846729    , 0.
N,     627, 0.750514486    , 0.781688951    , 0.
N,     628, 0.733810993    , 0.778360906    , 0.
N,     629, 0.717357249    , 0.775373523    , 0.
N,     630, 0.653757654    , 0.846964287    , 0.
N,     631, 0.645482324    , 0.864580322    , 0.
N,     632, 0.637286574    , 0.882389063    , 0.
N,     633, 0.629347071    , 0.900174091    , 0.
N,     634, 0.827776959    , 0.643662889    , 0.
N,     635, 0.813169085    , 0.652067828    , 0.
N,     636, 0.798531824    , 0.660655440    , 0.
N,     637, 0.783937705    , 0.669586721    , 0.
N,     638, 0.778088895    , 0.500000000    , 0.
N,     639, 0.764044447    , 0.500000000    , 0.
N,     640, 0.722143242    , 0.602713988    , 0.
N,     641, 0.732970969    , 0.563924453    , 0.
N,     642, 0.722675019    , 0.583529595    , 0.
N,     643, 0.737331682    , 0.544193921    , 0.
N,     644, 0.744112578    , 0.523453361    , 0.
N,     645, 0.750000000    , 0.500000000    , 0.
N,     646, 0.821091476    , 0.624916694    , 0.
N,     647, 0.806788566    , 0.633252314    , 0.
N,     648, 0.792385590    , 0.643041857    , 0.
N,     649, 0.754976812    , 0.629095653    , 0.
N,     650, 0.738477535    , 0.624263114    , 0.
N,     651, 0.771291699    , 0.634127129    , 0.
N,     652, 0.721611465    , 0.621898380    , 0.
N,     653, 0.777614702    , 0.651856925    , 0.
N,     654, 0.767636094    , 0.766006779    , 0.
N,     655, 0.751023605    , 0.762739437    , 0.
N,     656, 0.734323379    , 0.759338444    , 0.
N,     657, 0.717889026    , 0.756189130    , 0.
N,     658, 0.638655420    , 0.836085388    , 0.
N,     659, 0.630000756    , 0.853976137    , 0.
N,     660, 0.621420980    , 0.871957992    , 0.
N,     661, 0.613043206    , 0.889958272    , 0.
N,     662, 0.718626130    , 0.562852463    , 0.
N,     663, 0.708808366    , 0.575645255    , 0.
N,     664, 0.713333809    , 0.546774405    , 0.
N,     665, 0.711565132    , 0.599609610    , 0.
N,     666, 0.697616234    , 0.591556753    , 0.
N,     667, 0.720380834    , 0.525775953    , 0.
N,     668, 0.730156553    , 0.500000000    , 0.
N,     669, 0.770769470    , 0.652967079    , 0.
N,     670, 0.754182908    , 0.648395208    , 0.
N,     671, 0.737786156    , 0.644351057    , 0.
N,     672, 0.721079688    , 0.641082773    , 0.
N,     673, 0.768158323    , 0.747166829    , 0.
N,     674, 0.751562376    , 0.743850818    , 0.
N,     675, 0.734864020    , 0.740317279    , 0.
N,     676, 0.718420803    , 0.737004738    , 0.
N,     677, 0.623553187    , 0.825206490    , 0.
N,     678, 0.614422470    , 0.843155437    , 0.
N,     679, 0.605491635    , 0.861475332    , 0.
N,     680, 0.596739340    , 0.879742452    , 0.
N,     681, 0.695648552    , 0.565111690    , 0.
N,     682, 0.683680754    , 0.581922761    , 0.
N,     683, 0.680107987    , 0.557178474    , 0.
N,     684, 0.691224245    , 0.541089237    , 0.
N,     685, 0.702340503    , 0.525000000    , 0.
N,     686, 0.700455245    , 0.615689626    , 0.
N,     687, 0.687006698    , 0.607005415    , 0.
N,     688, 0.672345970    , 0.598227585    , 0.
N,     689, 0.710313105    , 0.500000000    , 0.
N,     690, 0.770247240    , 0.671807029    , 0.
N,     691, 0.753632947    , 0.667715732    , 0.
N,     692, 0.737147720    , 0.663887844    , 0.
N,     693, 0.720547911    , 0.660267166    , 0.
N,     694, 0.768680552    , 0.728326879    , 0.
N,     695, 0.752068929    , 0.724857691    , 0.
N,     696, 0.735318988    , 0.721198376    , 0.
N,     697, 0.718952580    , 0.717820345    , 0.
N,     698, 0.608450954    , 0.814327592    , 0.
N,     699, 0.598721191    , 0.832477298    , 0.
N,     700, 0.589533566    , 0.851086172    , 0.
N,     701, 0.580435474    , 0.869526633    , 0.
N,     702, 0.668991728    , 0.573267711    , 0.
N,     703, 0.657875470    , 0.589356948    , 0.
N,     704, 0.683718413    , 0.525000000    , 0.
N,     705, 0.690469658    , 0.500000000    , 0.
N,     706, 0.689345358    , 0.631769641    , 0.
N,     707, 0.675152341    , 0.622953980    , 0.
N,     708, 0.661073344    , 0.614195514    , 0.
N,     709, 0.646759211    , 0.605446185    , 0.
N,     710, 0.769725011    , 0.690646979    , 0.
N,     711, 0.753152151    , 0.686900360    , 0.
N,     712, 0.736466490    , 0.683111549    , 0.
N,     713, 0.720016134    , 0.679451559    , 0.
N,     714, 0.769202782    , 0.709486929    , 0.
N,     715, 0.752578757    , 0.705747804    , 0.
N,     716, 0.735932900    , 0.702142831    , 0.
N,     717, 0.719484357    , 0.698635952    , 0.
N,     718, 0.593348720    , 0.803448693    , 0.
N,     719, 0.583102054    , 0.822061843    , 0.
N,     720, 0.573410052    , 0.840768146    , 0.
N,     721, 0.564131609    , 0.859310814    , 0.
N,     722, 0.665096322    , 0.525000000    , 0.
N,     723, 0.670626211    , 0.500000000    , 0.
N,     724, 0.678235471    , 0.647849656    , 0.
N,     725, 0.663923738    , 0.639060379    , 0.
N,     726, 0.649697720    , 0.630325483    , 0.
N,     727, 0.635642953    , 0.621535422    , 0.
N,     728, 0.578246487    , 0.792569795    , 0.
N,     729, 0.567226418    , 0.812064868    , 0.
N,     730, 0.557390815    , 0.830518814    , 0.
N,     731, 0.547827743    , 0.849094994    , 0.
N,     732, 0.646474232    , 0.525000000    , 0.
N,     733, 0.650782763    , 0.500000000    , 0.
N,     734, 0.667125584    , 0.663929672    , 0.
N,     735, 0.652794464    , 0.655284228    , 0.
N,     736, 0.638655946    , 0.646532127    , 0.
N,     737, 0.624526694    , 0.637624659    , 0.
N,     738, 0.589356374    , 0.776489780    , 0.
N,     739, 0.551546664    , 0.801758088    , 0.
N,     740, 0.574247353    , 0.768002374    , 0.
N,     741, 0.563160334    , 0.783861419    , 0.
N,     742, 0.541251896    , 0.820055095    , 0.
N,     743, 0.531523877    , 0.838879175    , 0.
N,     744, 0.630939316    , 0.500000000    , 0.
N,     745, 0.627852141    , 0.525000000    , 0.
N,     746, 0.656015697    , 0.680009687    , 0.
N,     747, 0.641720795    , 0.671394922    , 0.
N,     748, 0.627600169    , 0.662644958    , 0.
N,     749, 0.613410436    , 0.653713896    , 0.
N,     750, 0.600466261    , 0.760409764    , 0.
N,     751, 0.585812038    , 0.751922454    , 0.
N,     752, 0.535612388    , 0.790221450    , 0.
N,     753, 0.547129278    , 0.774142598    , 0.
N,     754, 0.525461355    , 0.809137519    , 0.
N,     755, 0.571865487    , 0.743004946    , 0.
N,     756, 0.559344758    , 0.759328252    , 0.
N,     757, 0.515220012    , 0.828663356    , 0.
N,     758, 0.609230050    , 0.525000000    , 0.
N,     759, 0.611095868    , 0.500000000    , 0.
N,     760, 0.644905810    , 0.696089703    , 0.
N,     761, 0.630486027    , 0.687580562    , 0.
N,     762, 0.616308712    , 0.678664189    , 0.
N,     763, 0.602294177    , 0.669803133    , 0.
N,     764, 0.611576148    , 0.744329749    , 0.
N,     765, 0.597328973    , 0.735752896    , 0.
N,     766, 0.583089163    , 0.726961964    , 0.
N,     767, 0.535515614    , 0.758917657    , 0.
N,     768, 0.510453893    , 0.801080047    , 0.
N,     769, 0.518399910    , 0.776414576    , 0.
N,     770, 0.546712885    , 0.750249318    , 0.
N,     771, 0.498916146    , 0.818447536    , 0.
N,     772, 0.557829144    , 0.734160081    , 0.
N,     773, 0.568945402    , 0.718070844    , 0.
N,     774, 0.590607960    , 0.525000000    , 0.
N,     775, 0.591252421    , 0.500000000    , 0.
N,     776, 0.633795923    , 0.712169718    , 0.
N,     777, 0.619459179    , 0.703535420    , 0.
N,     778, 0.605162882    , 0.694784986    , 0.
N,     779, 0.591177919    , 0.685892370    , 0.
N,     780, 0.622686035    , 0.728249733    , 0.
N,     781, 0.608367436    , 0.719663528    , 0.
N,     782, 0.594175365    , 0.710960947    , 0.
N,     783, 0.580061661    , 0.701981607    , 0.
N,     784, 0.542611604    , 0.731478542    , 0.
N,     785, 0.526339966    , 0.743367593    , 0.
N,     786, 0.510471230    , 0.754057032    , 0.
N,     787, 0.482612280    , 0.808231717    , 0.
N,     788, 0.497534911    , 0.795710044    , 0.
N,     789, 0.496181043    , 0.780439180    , 0.
N,     790, 0.492322468    , 0.761927774    , 0.
N,     791, 0.571985869    , 0.525000000    , 0.
N,     792, 0.571408974    , 0.500000000    , 0.
N,     793, 0.538510322    , 0.712707765    , 0.
N,     794, 0.521679125    , 0.723646048    , 0.
N,     795, 0.504876975    , 0.733776482    , 0.
N,     796, 0.487652201    , 0.742438879    , 0.
N,     797, 0.478407688    , 0.788988105    , 0.
N,     798, 0.474203095    , 0.769744492    , 0.
N,     799, 0.469998502    , 0.750500880    , 0.
N,     800, 0.553363779    , 0.525000000    , 0.
N,     801, 0.551565526    , 0.500000000    , 0.
N,     802, 0.534409041    , 0.693936989    , 0.
N,     803, 0.517256728    , 0.704392098    , 0.
N,     804, 0.500270035    , 0.713994524    , 0.
N,     805, 0.483105045    , 0.723025443    , 0.
N,     806, 0.465793909    , 0.731257268    , 0.
N,     807, 0.531722079    , 0.500000000    , 0.
N,     808, 0.534741688    , 0.525000000    , 0.
N,     809, 0.530307759    , 0.675166212    , 0.
N,     810, 0.513047176    , 0.685194081    , 0.
N,     811, 0.495935578    , 0.694635633    , 0.
N,     812, 0.478770238    , 0.703612675    , 0.
N,     813, 0.461589316    , 0.712013655    , 0.
N,     814, 0.516119597    , 0.525000000    , 0.
N,     815, 0.511878632    , 0.500000000    , 0.
N,     816, 0.526206478    , 0.656395436    , 0.
N,     817, 0.508933472    , 0.666103599    , 0.
N,     818, 0.491707471    , 0.675397139    , 0.
N,     819, 0.474564571    , 0.684217515    , 0.
N,     820, 0.457384724    , 0.692770043    , 0.
N,     821, 0.497497507    , 0.525000000    , 0.
N,     822, 0.492035184    , 0.500000000    , 0.
N,     823, 0.522105196    , 0.637624659    , 0.
N,     824, 0.504859027    , 0.647019242    , 0.
N,     825, 0.487608138    , 0.656108124    , 0.
N,     826, 0.470356277    , 0.665013581    , 0.
N,     827, 0.453180131    , 0.673526431    , 0.
N,     828, 0.501598788    , 0.543770777    , 0.
N,     829, 0.477620199    , 0.504754377    , 0.
N,     830, 0.483222015    , 0.550068541    , 0.
N,     831, 0.477113531    , 0.526765085    , 0.
N,     832, 0.487833397    , 0.480769231    , 0.
N,     833, 0.473072073    , 0.484581469    , 0.
N,     834, 0.518003914    , 0.618853883    , 0.
N,     835, 0.500766409    , 0.627962057    , 0.
N,     836, 0.483439305    , 0.636921227    , 0.
N,     837, 0.466186097    , 0.645809958    , 0.
N,     838, 0.448975538    , 0.654282818    , 0.
N,     839, 0.505700070    , 0.562541553    , 0.
N,     840, 0.487847777    , 0.570240596    , 0.
N,     841, 0.463416983    , 0.519713233    , 0.
N,     842, 0.461740228    , 0.504976927    , 0.
N,     843, 0.457926740    , 0.487620981    , 0.
N,     844, 0.470595105    , 0.578845845    , 0.
N,     845, 0.466068979    , 0.559406218    , 0.
N,     846, 0.460297295    , 0.542555280    , 0.
N,     847, 0.452369230    , 0.526394910    , 0.
N,     848, 0.483631611    , 0.461538462    , 0.
N,     849, 0.468842492    , 0.465432578    , 0.
N,     850, 0.453870973    , 0.469046068    , 0.
N,     851, 0.513902633    , 0.600083106    , 0.
N,     852, 0.496460996    , 0.608912085    , 0.
N,     853, 0.479208637    , 0.617838839    , 0.
N,     854, 0.462006653    , 0.626565686    , 0.
N,     855, 0.444770945    , 0.635039206    , 0.
N,     856, 0.509801351    , 0.581312330    , 0.
N,     857, 0.492243084    , 0.589694399    , 0.
N,     858, 0.474909233    , 0.598513918    , 0.
N,     859, 0.446809763    , 0.508869070    , 0.
N,     860, 0.442507197    , 0.491242597    , 0.
N,     861, 0.439048558    , 0.472413567    , 0.
N,     862, 0.453489912    , 0.587943756    , 0.
N,     863, 0.448520418    , 0.569047762    , 0.
N,     864, 0.457831226    , 0.607280037    , 0.
N,     865, 0.443987027    , 0.550693229    , 0.
N,     866, 0.438373440    , 0.533011278    , 0.
N,     867, 0.433289425    , 0.514532263    , 0.
N,     868, 0.479429824    , 0.442307692    , 0.
N,     869, 0.464662618    , 0.446377498    , 0.
N,     870, 0.449808575    , 0.450164621    , 0.
N,     871, 0.435118228    , 0.453763106    , 0.
N,     872, 0.440566353    , 0.615795594    , 0.
N,     873, 0.428900547    , 0.495512285    , 0.
N,     874, 0.424919941    , 0.476530021    , 0.
N,     875, 0.420778970    , 0.457523410    , 0.
N,     876, 0.436361760    , 0.596551981    , 0.
N,     877, 0.432157167    , 0.577308369    , 0.
N,     878, 0.427952574    , 0.558064757    , 0.
N,     879, 0.423747981    , 0.538821145    , 0.
N,     880, 0.419543389    , 0.519577532    , 0.
N,     881, 0.415338796    , 0.500333920    , 0.
N,     882, 0.475228037    , 0.423076923    , 0.
N,     883, 0.460561400    , 0.427249500    , 0.
N,     884, 0.445829459    , 0.431328640    , 0.
N,     885, 0.431122931    , 0.434938331    , 0.
N,     886, 0.416819328    , 0.438607028    , 0.
N,     887, 0.411134203    , 0.481090308    , 0.
N,     888, 0.406929610    , 0.461846695    , 0.
N,     889, 0.402725017    , 0.442603083    , 0.
N,     890, 0.471026251    , 0.403846154    , 0.
N,     891, 0.456424005    , 0.408302898    , 0.
N,     892, 0.441727954    , 0.412277375    , 0.
N,     893, 0.427088693    , 0.416006668    , 0.
N,     894, 0.412672950    , 0.419360791    , 0.
N,     895, 0.398520425    , 0.423359471    , 0.
N,     896, 0.466824464    , 0.384615385    , 0.
N,     897, 0.452333538    , 0.388992070    , 0.
N,     898, 0.437803119    , 0.392933983    , 0.
N,     899, 0.423244905    , 0.396591268    , 0.
N,     900, 0.408686248    , 0.400171073    , 0.
N,     901, 0.394315832    , 0.404115858    , 0.
N,     902, 0.462622677    , 0.365384615    , 0.
N,     903, 0.448249554    , 0.369689182    , 0.
N,     904, 0.433849592    , 0.373710486    , 0.
N,     905, 0.419299794    , 0.377280217    , 0.
N,     906, 0.404681129    , 0.380967608    , 0.
N,     907, 0.390111239    , 0.384872246    , 0.
N,     908, 0.458420891    , 0.346153846    , 0.
N,     909, 0.444139427    , 0.350455318    , 0.
N,     910, 0.429897212    , 0.354322427    , 0.
N,     911, 0.415337968    , 0.357964876    , 0.
N,     912, 0.400626252    , 0.361726419    , 0.
N,     913, 0.385906646    , 0.365628634    , 0.
N,     914, 0.454219104    , 0.326923077    , 0.
N,     915, 0.440017321    , 0.331099477    , 0.
N,     916, 0.425767150    , 0.334858977    , 0.
N,     917, 0.411146542    , 0.338604472    , 0.
N,     918, 0.396577121    , 0.342498240    , 0.
N,     919, 0.381702053    , 0.346385022    , 0.
N,     920, 0.450017317    , 0.307692308    , 0.
N,     921, 0.435996022    , 0.311721200    , 0.
N,     922, 0.421608934    , 0.315568082    , 0.
N,     923, 0.406953672    , 0.319335492    , 0.
N,     924, 0.392272511    , 0.323321221    , 0.
N,     925, 0.377497461    , 0.327141409    , 0.
N,     926, 0.445815531    , 0.288461538    , 0.
N,     927, 0.431699052    , 0.292481410    , 0.
N,     928, 0.417264952    , 0.296319804    , 0.
N,     929, 0.402764403    , 0.300018347    , 0.
N,     930, 0.388078747    , 0.304060868    , 0.
N,     931, 0.373292868    , 0.307897797    , 0.
N,     932, 0.441613744    , 0.269230769    , 0.
N,     933, 0.427351963    , 0.273201972    , 0.
N,     934, 0.413085670    , 0.277034108    , 0.
N,     935, 0.398590703    , 0.280860180    , 0.
N,     936, 0.383869304    , 0.284809373    , 0.
N,     937, 0.369088275    , 0.288654185    , 0.
N,     938, 0.437411957    , 0.250000000    , 0.
N,     939, 0.423237793    , 0.253983063    , 0.
N,     940, 0.408836667    , 0.257807950    , 0.
N,     941, 0.394398800    , 0.261567407    , 0.
N,     942, 0.379620613    , 0.265636417    , 0.
N,     943, 0.364883682    , 0.269410572    , 0.
N,     944, 0.433210171    , 0.230769231    , 0.
N,     945, 0.419077863    , 0.234791981    , 0.
N,     946, 0.404620943    , 0.238650259    , 0.
N,     947, 0.390132514    , 0.242407556    , 0.
N,     948, 0.375460710    , 0.246408496    , 0.
N,     949, 0.360679089    , 0.250166960    , 0.
N,     950, 0.429008384    , 0.211538462    , 0.
N,     951, 0.414902424    , 0.215647599    , 0.
N,     952, 0.400417937    , 0.219476572    , 0.
N,     953, 0.385934729    , 0.223253534    , 0.
N,     954, 0.371237771    , 0.227051155    , 0.
N,     955, 0.356474497    , 0.230923348    , 0.
N,     956, 0.424806597    , 0.192307692    , 0.
N,     957, 0.410571646    , 0.196389015    , 0.
N,     958, 0.396301974    , 0.200349598    , 0.
N,     959, 0.381760568    , 0.204143168    , 0.
N,     960, 0.367062466    , 0.208059513    , 0.
N,     961, 0.352269904    , 0.211679735    , 0.
N,     962, 0.420604811    , 0.173076923    , 0.
N,     963, 0.406423590    , 0.177272939    , 0.
N,     964, 0.392010319    , 0.181161215    , 0.
N,     965, 0.377501943    , 0.184982610    , 0.
N,     966, 0.362759840    , 0.188973898    , 0.
N,     967, 0.348065311    , 0.192436123    , 0.
N,     968, 0.416403024    , 0.153846154    , 0.
N,     969, 0.402099922    , 0.157988341    , 0.
N,     970, 0.387643009    , 0.162099545    , 0.
N,     971, 0.373130737    , 0.166051168    , 0.
N,     972, 0.358519774    , 0.169919895    , 0.
N,     973, 0.343860718    , 0.173192511    , 0.
N,     974, 0.412201237    , 0.134615385    , 0.
N,     975, 0.397650414    , 0.138651130    , 0.
N,     976, 0.383185989    , 0.143079433    , 0.
N,     977, 0.368738893    , 0.147372610    , 0.
N,     978, 0.354007228    , 0.150744975    , 0.
N,     979, 0.339656126    , 0.153948898    , 0.
N,     980, 0.407999451    , 0.115384615    , 0.
N,     981, 0.393090882    , 0.119199387    , 0.
N,     982, 0.378658989    , 0.123978101    , 0.
N,     983, 0.364297880    , 0.128750696    , 0.
N,     984, 0.349708051    , 0.132685526    , 0.
N,     985, 0.335451533    , 0.134705286    , 0.
N,     986, 0.403797664    , 0.961538462E-01, 0.
N,     987, 0.387304506    , 0.990880874E-01, 0.
N,     988, 0.373186861    , 0.104394518    , 0.
N,     989, 0.359630897    , 0.111235602    , 0.
N,     990, 0.345216915    , 0.114435156    , 0.
N,     991, 0.331246940    , 0.115461674    , 0.
N,     992, 0.399595877    , 0.769230769E-01, 0.
N,     993, 0.381182407    , 0.795731921E-01, 0.
N,     994, 0.362396220    , 0.838957208E-01, 0.
N,     995, 0.354344069    , 0.969942184E-01, 0.
N,     996, 0.341810469    , 0.956983175E-01, 0.
N,     997, 0.327042347    , 0.962180615E-01, 0.
N,     998, 0.395394091    , 0.576923077E-01, 0.
N,     999, 0.376223944    , 0.598519663E-01, 0.
N,    1000, 0.357517038    , 0.607038323E-01, 0.
N,    1001, 0.340850931    , 0.772717750E-01, 0.
N,    1002, 0.338278774    , 0.593679175E-01, 0.
N,    1003, 0.322837754    , 0.769744492E-01, 0.
N,    1004, 0.391192304    , 0.384615385E-01, 0.
N,    1005, 0.372058437    , 0.398475728E-01, 0.
N,    1006, 0.353081685    , 0.401942423E-01, 0.
N,    1007, 0.333786743    , 0.396849796E-01, 0.
N,    1008, 0.318633162    , 0.577308369E-01, 0.
N,    1009, 0.314428569    , 0.384872246E-01, 0.
N,    1010, 0.386990517    , 0.192307692E-01, 0.
N,    1011, 0.367752410    , 0.198477178E-01, 0.
N,    1012, 0.348685003    , 0.199805520E-01, 0.
N,    1013, 0.329526667    , 0.198671239E-01, 0.
N,    1014, 0.310223976    , 0.192436123E-01, 0.
N,    1015, 0.382788731    ,  0.00000000    , 0.
N,    1016, 0.363596394    ,  0.00000000    , 0.
N,    1017, 0.344404057    ,  0.00000000    , 0.
N,    1018, 0.325211720    ,  0.00000000    , 0.
N,    1019, 0.306019383    ,  0.00000000    , 0.
! Define element connectivity: EN, element #, nodal list 
MAT,     1
EN,       1,     222,     217,     216,     223
EN,       2,     216,     220,     221,     223
EN,       3,     615,     616,     593,     596
EN,       4,     596,     621,     622,     615
EN,       5,     621,     596,     598,     623
EN,       6,     593,     577,     598,     596
EN,       7,     641,     643,     617,     616
EN,       8,     617,     594,     593,     616
EN,       9,     229,     232,     222,     223
EN,      10,     221,     228,     229,     223
EN,      11,     593,     594,     576,     577
EN,      12,     232,     240,     242,     231
EN,      13,     229,     239,     240,     232
EN,      14,     598,     597,     624,     623
EN,      15,     616,     615,     642,     641
EN,      16,     597,     620,     625,     624
EN,      17,     624,     625,     651,     623
EN,      18,     623,     651,     649,     621
EN,      19,     620,     647,     648,     625
EN,      20,     647,     635,     636,     648
EN,      21,     635,     609,     610,     636
EN,      22,     609,     589,     590,     610
EN,      23,     589,     573,     574,     590
EN,      24,     573,     557,     558,     574
EN,      25,     557,     539,     540,     558
EN,      26,     539,     523,     524,     540
EN,      27,     523,     509,     510,     524
EN,      28,     509,     497,     498,     510
EN,      29,     497,     485,     486,     498
EN,      30,     485,     473,     474,     486
EN,      31,     473,     461,     462,     474
EN,      32,     461,     448,     449,     462
EN,      33,     448,     435,     436,     449
EN,      34,     435,     422,     423,     436
EN,      35,     422,     411,     420,     423
EN,      36,     411,     409,     419,     420
EN,      37,     419,     418,     430,     420
EN,      38,     409,     408,     418,     419
EN,      39,     621,     649,     650,     622
EN,      40,     641,     662,     664,     643
EN,      41,     641,     642,     663,     662
EN,      42,     905,     911,     910,     904
EN,      43,     904,     898,     899,     905
EN,      44,     911,     917,     916,     910
EN,      45,     916,     917,     923,     922
EN,      46,     923,     929,     928,     922
EN,      47,     929,     935,     934,     928
EN,      48,     934,     935,     941,     940
EN,      49,     941,     947,     946,     940
EN,      50,     947,     953,     952,     946
EN,      51,     953,     959,     958,     952
EN,      52,     958,     959,     965,     964
EN,      53,     965,     971,     970,     964
EN,      54,     971,     977,     976,     970
EN,      55,     977,     983,     982,     976
EN,      56,     983,     989,     988,     982
EN,      57,     989,     995,     994,     988
EN,      58,     898,     892,     893,     899
EN,      59,     892,     884,     885,     893
EN,      60,     884,     870,     871,     885
EN,      61,     870,     850,     861,     871
EN,      62,     850,     843,     860,     861
EN,      63,     843,     842,     859,     860
EN,      64,     842,     841,     847,     859
EN,      65,     841,     831,     846,     847
EN,      66,     831,     830,     845,     846
EN,      67,     830,     840,     844,     845
EN,      68,     840,     857,     858,     844
EN,      69,     857,     852,     853,     858
EN,      70,     852,     835,     836,     853
EN,      71,     835,     824,     825,     836
EN,      72,     824,     817,     818,     825
EN,      73,     817,     810,     811,     818
EN,      74,     810,     803,     804,     811
EN,      75,     803,     794,     795,     804
EN,      76,     794,     785,     786,     795
EN,      77,     785,     767,     769,     786
EN,      78,     767,     753,     752,     769
EN,      79,     753,     741,     739,     752
EN,      80,     753,     756,     740,     741
EN,      81,     756,     755,     751,     740
EN,      82,     755,     766,     765,     751
EN,      83,     766,     782,     781,     765
EN,      84,     782,     778,     777,     781
EN,      85,     778,     762,     761,     777
EN,      86,     762,     748,     747,     761
EN,      87,     748,     736,     735,     747
EN,      88,     736,     726,     725,     735
EN,      89,     726,     708,     707,     725
EN,      90,     708,     688,     687,     707
EN,      91,     688,     682,     666,     687
EN,      92,     682,     681,     663,     666
EN,      93,     663,     681,     664,     662
EN,      94,     649,     670,     671,     650
EN,      95,     670,     691,     692,     671
EN,      96,     691,     711,     712,     692
EN,      97,     711,     715,     716,     712
EN,      98,     715,     695,     696,     716
EN,      99,     695,     674,     675,     696
EN,     100,     674,     655,     656,     675
EN,     101,     655,     627,     628,     656
EN,     102,     627,     601,     602,     628
EN,     103,     601,     581,     582,     602
EN,     104,     581,     565,     566,     582
EN,     105,     565,     547,     548,     566
EN,     106,     547,     531,     536,     548
EN,     107,     531,     519,     535,     536
EN,     108,     519,     518,     533,     535
EN,     109,     533,     551,     550,     535
EN,     110,     518,     517,     534,     533
EN,     111,     533,     534,     552,     551
EN,     112,     552,     570,     569,     551
EN,     113,     570,     586,     585,     569
EN,     114,     586,     606,     605,     585
EN,     115,     606,     632,     631,     605
EN,     116,     632,     660,     659,     631
EN,     117,     660,     679,     678,     659
EN,     118,     679,     700,     699,     678
EN,     119,     700,     720,     719,     699
EN,     120,     720,     730,     729,     719
EN,     121,     741,     728,     729,     739
EN,     122,     729,     730,     742,     739
EN,     123,     739,     742,     754,     752
EN,     124,     752,     754,     768,     769
EN,     125,     239,     237,     243,     243
EN,     126,     239,     229,     228,     237
EN,     127,     217,     213,     212,     216
EN,     128,     213,     209,     208,     212
EN,     129,     209,     205,     204,     208
EN,     130,     205,     201,     200,     204
EN,     131,     201,     197,     196,     200
EN,     132,     197,     193,     192,     196
EN,     133,     193,     189,     188,     192
EN,     134,     189,     185,     184,     188
EN,     135,     185,     181,     180,     184
EN,     136,     181,     177,     176,     180
EN,     137,     177,     173,     172,     176
EN,     138,     173,     169,     168,     172
EN,     139,     169,     165,     164,     168
EN,     140,     165,     161,     160,     164
EN,     141,     161,     157,     156,     160
EN,     142,     157,     153,     152,     156
EN,     143,     153,     149,     148,     152
EN,     144,     149,     145,     144,     148
EN,     145,     145,     141,     140,     144
EN,     146,     141,     137,     136,     140
EN,     147,     137,     133,     132,     136
EN,     148,     133,     129,     128,     132
EN,     149,     129,     125,     124,     128
EN,     150,     125,     121,     120,     124
EN,     151,     121,     117,     116,     120
EN,     152,     117,     113,     112,     116
EN,     153,     113,     109,     108,     112
EN,     154,     109,     105,     104,     108
EN,     155,     105,     101,     100,     104
EN,     156,     101,      97,      96,     100
EN,     157,      97,      93,      92,      96
EN,     158,      93,      89,      88,      92
EN,     159,      89,      85,      84,      88
EN,     160,      85,      81,      80,      84
EN,     161,      81,      77,      76,      80
EN,     162,      77,      73,      72,      76
EN,     163,      73,      69,      68,      72
EN,     164,      69,      65,      64,      68
EN,     165,      65,      61,      60,      64
EN,     166,      61,      57,      56,      60
EN,     167,      57,      53,      52,      56
EN,     168,      53,      49,      48,      52
EN,     169,      49,      45,      44,      48
EN,     170,      45,      41,      40,      44
EN,     171,      41,      37,      36,      40
EN,     172,      37,      33,      32,      36
EN,     173,      33,      29,      28,      32
EN,     174,      29,      22,      21,      28
EN,     175,      22,      17,      16,      21
EN,     176,      17,      12,      10,      16
EN,     177,      12,      11,       6,      10
EN,     178,      12,      14,       8,      11
EN,     179,      17,      18,      14,      12
EN,     180,     517,     520,     532,     534
EN,     181,     518,     504,     505,     517
EN,     182,     505,     506,     520,     517
EN,     183,     505,     493,     494,     506
EN,     184,     493,     481,     482,     494
EN,     185,     481,     469,     470,     482
EN,     186,     469,     457,     458,     470
EN,     187,     457,     445,     446,     458
EN,     188,     445,     433,     443,     446
EN,     189,     430,     433,     432,     420
EN,     190,     430,     429,     443,     433
EN,     191,     418,     417,     429,     430
EN,     192,     408,     407,     417,     418
EN,     193,     409,     401,     400,     408
EN,     194,     400,     399,     407,     408
EN,     195,     400,     392,     391,     399
EN,     196,     392,     384,     383,     391
EN,     197,     384,     376,     375,     383
EN,     198,     376,     368,     367,     375
EN,     199,     368,     360,     359,     367
EN,     200,     360,     352,     351,     359
EN,     201,     352,     344,     343,     351
EN,     202,     344,     336,     335,     343
EN,     203,     336,     328,     327,     335
EN,     204,     328,     320,     319,     327
EN,     205,     320,     312,     311,     319
EN,     206,     312,     304,     303,     311
EN,     207,     304,     296,     295,     303
EN,     208,     296,     288,     287,     295
EN,     209,     288,     280,     279,     287
EN,     210,     280,     273,     271,     279
EN,     211,     273,     262,     263,     271
EN,     212,     243,     246,     247,     239
EN,     213,     262,     254,     253,     263
EN,     214,     246,     254,     252,     247
EN,     215,     246,     250,     253,     254
EN,     216,     247,     248,     240,     239
EN,     217,     252,     255,     248,     247
EN,     218,     254,     258,     259,     252
EN,     219,     259,     260,     255,     252
EN,     220,     243,     244,     250,     246
EN,     221,     237,     238,     244,     243
EN,     222,     228,     230,     238,     237
EN,     223,     221,     227,     230,     228
EN,     224,     220,     226,     227,     221
EN,     225,     994,    1001,    1002,    1000
EN,     226,     995,     996,    1001,     994
EN,     227,     989,     990,     996,     995
EN,     228,     983,     984,     990,     989
EN,     229,     977,     978,     984,     983
EN,     230,     971,     972,     978,     977
EN,     231,     965,     966,     972,     971
EN,     232,     959,     960,     966,     965
EN,     233,     953,     954,     960,     959
EN,     234,     947,     948,     954,     953
EN,     235,     941,     942,     948,     947
EN,     236,     935,     936,     942,     941
EN,     237,     929,     930,     936,     935
EN,     238,     923,     924,     930,     929
EN,     239,     917,     918,     924,     923
EN,     240,     911,     912,     918,     917
EN,     241,     905,     906,     912,     911
EN,     242,     899,     900,     906,     905
EN,     243,     893,     894,     900,     899
EN,     244,     885,     886,     894,     893
EN,     245,     871,     875,     886,     885
EN,     246,     861,     874,     875,     871
EN,     247,     860,     873,     874,     861
EN,     248,     859,     867,     873,     860
EN,     249,     847,     866,     867,     859
EN,     250,     846,     865,     866,     847
EN,     251,     845,     863,     865,     846
EN,     252,     844,     862,     863,     845
EN,     253,     858,     864,     862,     844
EN,     254,     853,     854,     864,     858
EN,     255,     836,     837,     854,     853
EN,     256,     825,     826,     837,     836
EN,     257,     818,     819,     826,     825
EN,     258,     811,     812,     819,     818
EN,     259,     804,     805,     812,     811
EN,     260,     795,     796,     805,     804
EN,     261,     786,     790,     796,     795
EN,     262,     769,     789,     790,     786
EN,     263,     768,     788,     789,     769
EN,     264,     842,     829,     831,     841
EN,     265,     843,     833,     829,     842
EN,     266,     850,     849,     833,     843
EN,     267,     870,     869,     849,     850
EN,     268,     884,     883,     869,     870
EN,     269,     892,     891,     883,     884
EN,     270,     898,     897,     891,     892
EN,     271,     904,     903,     897,     898
EN,     272,     910,     909,     903,     904
EN,     273,     916,     915,     909,     910
EN,     274,     922,     921,     915,     916
EN,     275,     928,     927,     921,     922
EN,     276,     934,     933,     927,     928
EN,     277,     940,     939,     933,     934
EN,     278,     946,     945,     939,     940
EN,     279,     952,     951,     945,     946
EN,     280,     958,     957,     951,     952
EN,     281,     964,     963,     957,     958
EN,     282,     970,     969,     963,     964
EN,     283,     976,     975,     969,     970
EN,     284,     982,     981,     975,     976
EN,     285,     988,     987,     981,     982
EN,     286,     994,     993,     987,     988
EN,     287,    1002,    1007,    1006,    1000
EN,     288,    1000,     999,     993,     994
EN,     289,    1006,    1005,     999,    1000
EN,     290,    1007,    1013,    1012,    1006
EN,     291,    1012,    1011,    1005,    1006
EN,     292,     767,     770,     756,     753
EN,     293,     259,     267,     268,     260
EN,     294,     267,     275,     276,     268
EN,     295,     275,     283,     284,     276
EN,     296,     283,     291,     292,     284
EN,     297,     291,     299,     300,     292
EN,     298,     299,     307,     308,     300
EN,     299,     307,     315,     316,     308
EN,     300,     315,     323,     324,     316
EN,     301,     323,     331,     332,     324
EN,     302,     331,     339,     340,     332
EN,     303,     339,     347,     348,     340
EN,     304,     347,     355,     356,     348
EN,     305,     355,     363,     364,     356
EN,     306,     363,     371,     372,     364
EN,     307,     371,     379,     380,     372
EN,     308,     379,     387,     388,     380
EN,     309,     387,     395,     396,     388
EN,     310,     395,     403,     404,     396
EN,     311,     403,     413,     414,     404
EN,     312,     413,     425,     426,     414
EN,     313,     425,     439,     440,     426
EN,     314,     439,     452,     453,     440
EN,     315,     452,     465,     466,     453
EN,     316,     465,     477,     478,     466
EN,     317,     477,     489,     490,     478
EN,     318,     489,     501,     502,     490
EN,     319,     501,     513,     514,     502
EN,     320,     513,     527,     528,     514
EN,     321,     527,     543,     544,     528
EN,     322,     543,     561,     562,     544
EN,     323,     561,     576,     578,     562
EN,     324,     594,     592,     578,     576
EN,     325,     617,     618,     614,     594
EN,     326,      11,       8,       5,       6
EN,     327,     594,     614,     613,     592
EN,     328,     643,     644,     618,     617
EN,     329,     664,     667,     644,     643
EN,     330,     829,     822,     821,     831
EN,     331,     461,     460,     447,     448
EN,     332,     448,     447,     434,     435
EN,     333,     509,     508,     496,     497
EN,     334,     523,     522,     508,     509
EN,     335,     589,     588,     572,     573
EN,     336,     573,     572,     556,     557
EN,     337,     597,     595,     619,     620
EN,     338,     647,     646,     634,     635
EN,     339,     620,     619,     646,     647
EN,     340,     422,     421,     410,     411
EN,     341,     435,     434,     421,     422
EN,     342,     485,     484,     472,     473
EN,     343,     473,     472,     460,     461
EN,     344,     497,     496,     484,     485
EN,     345,     539,     538,     522,     523
EN,     346,     557,     556,     538,     539
EN,     347,     609,     608,     588,     589
EN,     348,     635,     634,     608,     609
EN,     349,     598,     577,     595,     597
EN,     350,     411,     410,     401,     409
EN,     351,     296,     297,     289,     288
EN,     352,     280,     281,     272,     273
EN,     353,     288,     289,     281,     280
EN,     354,     344,     345,     337,     336
EN,     355,     352,     353,     345,     344
EN,     356,     384,     385,     377,     376
EN,     357,     392,     393,     385,     384
EN,     358,     400,     401,     393,     392
EN,     359,     262,     264,     258,     254
EN,     360,     273,     272,     264,     262
EN,     361,     312,     313,     305,     304
EN,     362,     328,     329,     321,     320
EN,     363,     320,     321,     313,     312
EN,     364,     336,     337,     329,     328
EN,     365,     368,     369,     361,     360
EN,     366,     360,     361,     353,     352
EN,     367,     376,     377,     369,     368
EN,     368,     304,     305,     297,     296
EN,     369,     740,     738,     728,     741
EN,     370,     751,     750,     738,     740
EN,     371,     765,     764,     750,     751
EN,     372,     777,     776,     780,     781
EN,     373,     781,     780,     764,     765
EN,     374,     761,     760,     776,     777
EN,     375,     735,     734,     746,     747
EN,     376,     747,     746,     760,     761
EN,     377,     725,     724,     734,     735
EN,     378,     707,     706,     724,     725
EN,     379,     666,     665,     686,     687
EN,     380,     687,     686,     706,     707
EN,     381,     663,     642,     665,     666
EN,     382,     457,     456,     444,     445
EN,     383,     469,     468,     456,     457
EN,     384,     481,     480,     468,     469
EN,     385,     505,     504,     492,     493
EN,     386,     493,     492,     480,     481
EN,     387,     445,     444,     432,     433
EN,     388,     561,     560,     577,     576
EN,     389,     259,     258,     266,     267
EN,     390,     513,     512,     526,     527
EN,     391,     501,     500,     512,     513
EN,     392,     465,     464,     476,     477
EN,     393,     452,     451,     464,     465
EN,     394,     339,     338,     346,     347
EN,     395,     347,     346,     354,     355
EN,     396,     283,     282,     290,     291
EN,     397,     275,     274,     282,     283
EN,     398,     543,     542,     560,     561
EN,     399,     489,     488,     500,     501
EN,     400,     477,     476,     488,     489
EN,     401,     439,     438,     451,     452
EN,     402,     413,     412,     424,     425
EN,     403,     403,     402,     412,     413
EN,     404,     395,     394,     402,     403
EN,     405,     371,     370,     378,     379
EN,     406,     379,     378,     386,     387
EN,     407,     363,     362,     370,     371
EN,     408,     291,     290,     298,     299
EN,     409,     527,     526,     542,     543
EN,     410,     425,     424,     438,     439
EN,     411,     387,     386,     394,     395
EN,     412,     355,     354,     362,     363
EN,     413,     323,     322,     330,     331
EN,     414,     331,     330,     338,     339
EN,     415,     307,     306,     314,     315
EN,     416,     315,     314,     322,     323
EN,     417,     267,     266,     274,     275
EN,     418,     299,     298,     306,     307
EN,     419,     831,     821,     828,     830
EN,     420,     830,     828,     839,     840
EN,     421,     840,     839,     856,     857
EN,     422,     857,     856,     851,     852
EN,     423,     852,     851,     834,     835
EN,     424,     835,     834,     823,     824
EN,     425,     824,     823,     816,     817
EN,     426,     817,     816,     809,     810
EN,     427,     810,     809,     802,     803
EN,     428,     803,     802,     793,     794
EN,     429,     785,     784,     770,     767
EN,     430,     794,     793,     784,     785
EN,     431,     535,     550,     554,     536
EN,     432,     536,     554,     555,     548
EN,     433,     548,     555,     567,     566
EN,     434,     566,     567,     583,     582
EN,     435,     582,     583,     603,     602
EN,     436,     602,     603,     629,     628
EN,     437,     628,     629,     657,     656
EN,     438,     656,     657,     676,     675
EN,     439,     675,     676,     697,     696
EN,     440,     622,     640,     642,     615
EN,     441,     650,     652,     640,     622
EN,     442,     671,     672,     652,     650
EN,     443,     692,     693,     672,     671
EN,     444,     712,     713,     693,     692
EN,     445,     716,     717,     713,     712
EN,     446,     696,     697,     717,     716
EN,     447,     649,     651,     669,     670
EN,     448,     670,     669,     690,     691
EN,     449,     691,     690,     710,     711
EN,     450,     711,     710,     714,     715
EN,     451,     715,     714,     694,     695
EN,     452,     695,     694,     673,     674
EN,     453,     674,     673,     654,     655
EN,     454,     655,     654,     626,     627
EN,     455,     627,     626,     600,     601
EN,     456,     601,     600,     580,     581
EN,     457,     581,     580,     564,     565
EN,     458,     565,     564,     546,     547
EN,     459,     547,     546,     530,     531
EN,     460,     531,     530,     516,     519
EN,     461,     519,     516,     504,     518
EN,     462,     420,     432,     431,     423
EN,     463,     423,     431,     437,     436
EN,     464,     436,     437,     450,     449
EN,     465,     449,     450,     463,     462
EN,     466,     648,     653,     651,     625
EN,     467,     636,     637,     653,     648
EN,     468,     610,     611,     637,     636
EN,     469,     590,     591,     611,     610
EN,     470,     574,     575,     591,     590
EN,     471,     558,     559,     575,     574
EN,     472,     540,     541,     559,     558
EN,     473,     524,     525,     541,     540
EN,     474,     510,     511,     525,     524
EN,     475,     498,     499,     511,     510
EN,     476,     486,     487,     499,     498
EN,     477,     474,     475,     487,     486
EN,     478,     462,     463,     475,     474
EN,     479,     756,     770,     772,     755
EN,     480,     755,     772,     773,     766
EN,     481,     766,     773,     783,     782
EN,     482,     782,     783,     779,     778
EN,     483,     778,     779,     763,     762
EN,     484,     762,     763,     749,     748
EN,     485,     748,     749,     737,     736
EN,     486,     736,     737,     727,     726
EN,     487,     726,     727,     709,     708
EN,     488,     708,     709,     703,     688
EN,     489,     688,     703,     702,     682
EN,     490,     682,     702,     683,     681
EN,     491,     681,     683,     684,     664
EN,     492,     664,     684,     685,     667
EN,     493,     775,     774,     791,     792
EN,     494,     744,     733,     732,     745
EN,     495,     745,     758,     759,     744
EN,     496,     689,     685,     704,     705
EN,     497,     807,     801,     800,     808
EN,     498,     808,     814,     815,     807
EN,     499,     792,     791,     800,     801
EN,     500,     759,     758,     774,     775
EN,     501,     723,     722,     732,     733
EN,     502,     705,     704,     722,     723
EN,     503,     815,     814,     821,     822
EN,     504,     719,     718,     698,     699
EN,     505,     699,     698,     677,     678
EN,     506,     678,     677,     658,     659
EN,     507,     585,     584,     568,     569
EN,     508,     569,     568,     550,     551
EN,     509,     631,     630,     604,     605
EN,     510,     605,     604,     584,     585
EN,     511,     659,     658,     630,     631
EN,     512,     729,     728,     718,     719
EN,     513,     685,     689,     668,     667
EN,     514,     667,     668,     645,     644
EN,     515,     232,     231,     224,     222
EN,     516,     222,     224,     218,     217
EN,     517,     217,     218,     214,     213
EN,     518,     213,     214,     210,     209
EN,     519,     209,     210,     206,     205
EN,     520,     205,     206,     202,     201
EN,     521,     201,     202,     198,     197
EN,     522,     197,     198,     194,     193
EN,     523,     193,     194,     190,     189
EN,     524,     189,     190,     186,     185
EN,     525,     185,     186,     182,     181
EN,     526,     181,     182,     178,     177
EN,     527,     177,     178,     174,     173
EN,     528,     173,     174,     170,     169
EN,     529,     169,     170,     166,     165
EN,     530,     165,     166,     162,     161
EN,     531,     161,     162,     158,     157
EN,     532,     157,     158,     154,     153
EN,     533,     153,     154,     150,     149
EN,     534,     149,     150,     146,     145
EN,     535,     145,     146,     142,     141
EN,     536,     141,     142,     138,     137
EN,     537,     137,     138,     134,     133
EN,     538,     133,     134,     130,     129
EN,     539,     129,     130,     126,     125
EN,     540,     125,     126,     122,     121
EN,     541,     121,     122,     118,     117
EN,     542,     117,     118,     114,     113
EN,     543,     113,     114,     110,     109
EN,     544,     109,     110,     106,     105
EN,     545,     105,     106,     102,     101
EN,     546,     101,     102,      98,      97
EN,     547,      97,      98,      94,      93
EN,     548,      93,      94,      90,      89
EN,     549,      89,      90,      86,      85
EN,     550,      85,      86,      82,      81
EN,     551,      81,      82,      78,      77
EN,     552,      77,      78,      74,      73
EN,     553,      73,      74,      70,      69
EN,     554,      69,      70,      66,      65
EN,     555,      65,      66,      62,      61
EN,     556,      61,      62,      58,      57
EN,     557,      57,      58,      54,      53
EN,     558,      53,      54,      50,      49
EN,     559,      49,      50,      46,      45
EN,     560,      45,      46,      42,      41
EN,     561,      41,      42,      38,      37
EN,     562,      37,      38,      34,      33
EN,     563,      33,      34,      30,      29
EN,     564,      29,      30,      23,      22
EN,     565,      22,      23,      24,      17
EN,     566,      17,      24,      25,      18
EN,     567,      25,      26,      19,      18
EN,     568,      18,      19,      13,      14
EN,     569,      14,      13,       7,       8
EN,     570,       8,       7,       3,       5
EN,     571,     833,     832,     822,     829
EN,     572,     849,     848,     832,     833
EN,     573,     869,     868,     848,     849
EN,     574,     883,     882,     868,     869
EN,     575,     891,     890,     882,     883
EN,     576,     897,     896,     890,     891
EN,     577,     903,     902,     896,     897
EN,     578,     909,     908,     902,     903
EN,     579,     915,     914,     908,     909
EN,     580,     921,     920,     914,     915
EN,     581,     927,     926,     920,     921
EN,     582,     933,     932,     926,     927
EN,     583,     939,     938,     932,     933
EN,     584,     945,     944,     938,     939
EN,     585,     951,     950,     944,     945
EN,     586,     957,     956,     950,     951
EN,     587,     963,     962,     956,     957
EN,     588,     969,     968,     962,     963
EN,     589,     975,     974,     968,     969
EN,     590,     981,     980,     974,     975
EN,     591,     987,     986,     980,     981
EN,     592,     993,     992,     986,     987
EN,     593,     999,     998,     992,     993
EN,     594,    1005,    1004,     998,     999
EN,     595,    1011,    1010,    1004,    1005
EN,     596,    1011,    1016,    1015,    1010
EN,     597,    1012,    1017,    1016,    1011
EN,     598,    1013,    1018,    1017,    1012
EN,     599,    1013,    1014,    1019,    1018
EN,     600,    1007,    1009,    1014,    1013
EN,     601,    1002,    1008,    1009,    1007
EN,     602,    1001,    1003,    1008,    1002
EN,     603,     996,     997,    1003,    1001
EN,     604,     990,     991,     997,     996
EN,     605,     984,     985,     991,     990
EN,     606,     978,     979,     985,     984
EN,     607,     972,     973,     979,     978
EN,     608,     966,     967,     973,     972
EN,     609,     960,     961,     967,     966
EN,     610,     954,     955,     961,     960
EN,     611,     948,     949,     955,     954
EN,     612,     942,     943,     949,     948
EN,     613,     936,     937,     943,     942
EN,     614,     930,     931,     937,     936
EN,     615,     924,     925,     931,     930
EN,     616,     918,     919,     925,     924
EN,     617,     912,     913,     919,     918
EN,     618,     906,     907,     913,     912
EN,     619,     900,     901,     907,     906
EN,     620,     894,     895,     901,     900
EN,     621,     886,     889,     895,     894
EN,     622,     875,     888,     889,     886
EN,     623,     874,     887,     888,     875
EN,     624,     873,     881,     887,     874
EN,     625,     867,     880,     881,     873
EN,     626,     866,     879,     880,     867
EN,     627,     865,     878,     879,     866
EN,     628,     863,     877,     878,     865
EN,     629,     862,     876,     877,     863
EN,     630,     864,     872,     876,     862
EN,     631,     854,     855,     872,     864
EN,     632,     837,     838,     855,     854
EN,     633,     826,     827,     838,     837
EN,     634,     819,     820,     827,     826
EN,     635,     812,     813,     820,     819
EN,     636,     805,     806,     813,     812
EN,     637,     796,     799,     806,     805
EN,     638,     790,     798,     799,     796
EN,     639,     789,     797,     798,     790
EN,     640,     788,     787,     797,     789
EN,     641,     768,     771,     787,     788
EN,     642,     754,     757,     771,     768
EN,     643,     742,     743,     757,     754
EN,     644,     730,     731,     743,     742
EN,     645,     720,     721,     731,     730
EN,     646,     700,     701,     721,     720
EN,     647,     679,     680,     701,     700
EN,     648,     660,     661,     680,     679
EN,     649,     632,     633,     661,     660
EN,     650,     606,     607,     633,     632
EN,     651,     586,     587,     607,     606
EN,     652,     570,     571,     587,     586
EN,     653,     552,     553,     571,     570
EN,     654,     534,     549,     553,     552
EN,     655,     532,     537,     549,     534
EN,     656,     520,     521,     537,     532
EN,     657,     506,     507,     521,     520
EN,     658,     494,     495,     507,     506
EN,     659,     482,     483,     495,     494
EN,     660,     470,     471,     483,     482
EN,     661,     458,     459,     471,     470
EN,     662,     446,     455,     459,     458
EN,     663,     443,     442,     455,     446
EN,     664,     429,     428,     442,     443
EN,     665,     417,     416,     428,     429
EN,     666,     407,     406,     416,     417
EN,     667,     399,     398,     406,     407
EN,     668,     391,     390,     398,     399
EN,     669,     383,     382,     390,     391
EN,     670,     375,     374,     382,     383
EN,     671,     367,     366,     374,     375
EN,     672,     359,     358,     366,     367
EN,     673,     351,     350,     358,     359
EN,     674,     343,     342,     350,     351
EN,     675,     335,     334,     342,     343
EN,     676,     327,     326,     334,     335
EN,     677,     319,     318,     326,     327
EN,     678,     311,     310,     318,     319
EN,     679,     303,     302,     310,     311
EN,     680,     295,     294,     302,     303
EN,     681,     287,     286,     294,     295
EN,     682,     279,     278,     286,     287
EN,     683,     271,     270,     278,     279
EN,     684,     263,     261,     270,     271
EN,     685,     253,     257,     261,     263
EN,     686,     250,     251,     257,     253
EN,     687,     244,     245,     251,     250
EN,     688,     238,     241,     245,     244
EN,     689,     230,     236,     241,     238
EN,     690,     227,     235,     236,     230
EN,     691,     226,     234,     235,     227
EN,     692,     226,     225,     233,     234
EN,     693,     220,     219,     225,     226
EN,     694,     216,     215,     219,     220
EN,     695,     212,     211,     215,     216
EN,     696,     208,     207,     211,     212
EN,     697,     204,     203,     207,     208
EN,     698,     200,     199,     203,     204
EN,     699,     196,     195,     199,     200
EN,     700,     192,     191,     195,     196
EN,     701,     188,     187,     191,     192
EN,     702,     184,     183,     187,     188
EN,     703,     180,     179,     183,     184
EN,     704,     176,     175,     179,     180
EN,     705,     172,     171,     175,     176
EN,     706,     168,     167,     171,     172
EN,     707,     164,     163,     167,     168
EN,     708,     160,     159,     163,     164
EN,     709,     156,     155,     159,     160
EN,     710,     152,     151,     155,     156
EN,     711,     148,     147,     151,     152
EN,     712,     144,     143,     147,     148
EN,     713,     140,     139,     143,     144
EN,     714,     136,     135,     139,     140
EN,     715,     132,     131,     135,     136
EN,     716,     128,     127,     131,     132
EN,     717,     124,     123,     127,     128
EN,     718,     120,     119,     123,     124
EN,     719,     116,     115,     119,     120
EN,     720,     112,     111,     115,     116
EN,     721,     108,     107,     111,     112
EN,     722,     104,     103,     107,     108
EN,     723,     100,      99,     103,     104
EN,     724,      96,      95,      99,     100
EN,     725,      92,      91,      95,      96
EN,     726,      88,      87,      91,      92
EN,     727,      84,      83,      87,      88
EN,     728,      80,      79,      83,      84
EN,     729,      76,      75,      79,      80
EN,     730,      72,      71,      75,      76
EN,     731,      68,      67,      71,      72
EN,     732,      64,      63,      67,      68
EN,     733,      60,      59,      63,      64
EN,     734,      56,      55,      59,      60
EN,     735,      52,      51,      55,      56
EN,     736,      48,      47,      51,      52
EN,     737,      44,      43,      47,      48
EN,     738,      40,      39,      43,      44
EN,     739,      36,      35,      39,      40
EN,     740,      32,      31,      35,      36
EN,     741,      28,      27,      31,      32
EN,     742,      21,      20,      27,      28
EN,     743,      16,      15,      20,      21
EN,     744,      10,       9,      15,      16
EN,     745,       6,       4,       9,      10
EN,     746,       5,       1,       4,       6
EN,     747,       3,       2,       1,       5
EN,     748,     248,     249,     242,     240
EN,     749,     255,     256,     249,     248
EN,     750,     260,     265,     256,     255
EN,     751,     268,     269,     265,     260
EN,     752,     276,     277,     269,     268
EN,     753,     284,     285,     277,     276
EN,     754,     292,     293,     285,     284
EN,     755,     300,     301,     293,     292
EN,     756,     308,     309,     301,     300
EN,     757,     316,     317,     309,     308
EN,     758,     324,     325,     317,     316
EN,     759,     332,     333,     325,     324
EN,     760,     340,     341,     333,     332
EN,     761,     348,     349,     341,     340
EN,     762,     356,     357,     349,     348
EN,     763,     364,     365,     357,     356
EN,     764,     372,     373,     365,     364
EN,     765,     380,     381,     373,     372
EN,     766,     388,     389,     381,     380
EN,     767,     396,     397,     389,     388
EN,     768,     404,     405,     397,     396
EN,     769,     414,     415,     405,     404
EN,     770,     426,     427,     415,     414
EN,     771,     440,     441,     427,     426
EN,     772,     453,     454,     441,     440
EN,     773,     466,     467,     454,     453
EN,     774,     478,     479,     467,     466
EN,     775,     490,     491,     479,     478
EN,     776,     502,     503,     491,     490
EN,     777,     514,     515,     503,     502
EN,     778,     528,     529,     515,     514
EN,     779,     544,     545,     529,     528
EN,     780,     562,     563,     545,     544
EN,     781,     578,     579,     563,     562
EN,     782,     592,     599,     579,     578
EN,     783,     613,     612,     599,     592
EN,     784,     644,     645,     639,     618
EN,     785,     614,     638,     612,     613
EN,     786,     618,     639,     638,     614
! Define boundary support conditions: D, node #, dof label, value
D,      26,UX,  0.00000000    
D,      26,UY,  0.00000000    
D,       2,UX,  0.00000000    
D,       2,UY,  0.00000000    
D,      19,UX,  0.00000000    
D,      19,UY,  0.00000000    
D,      13,UX,  0.00000000    
D,      13,UY,  0.00000000    
D,       7,UX,  0.00000000    
D,       7,UY,  0.00000000    
D,       3,UX,  0.00000000    
D,       3,UY,  0.00000000    
D,    1019,UX,  0.00000000    
D,    1019,UY,  0.00000000    
D,    1015,UX,  0.00000000    
D,    1015,UY,  0.00000000    
D,    1018,UX,  0.00000000    
D,    1018,UY,  0.00000000    
D,    1017,UX,  0.00000000    
D,    1017,UY,  0.00000000    
D,    1016,UX,  0.00000000    
D,    1016,UY,  0.00000000    
! Define nodal load conditions: F, node #, dof label, value
F,     645,FY, -0.100000000E-01
! Define surface load conditions: SFE, element #, face #,PRES, value
FINISH
