/TITLE, CONTINUUM GROUND STRUCTURE
! Created with:       FlExtract v1.13
! Element type:       PLANE42
! Number of nodes:    755
! Number of elements: 600

/PREP7
! Element type: ET, type #, name
ET, 1, PLANE42, , , 3

! Nodal coordinates: 'N', node_id, x-coord, y-coord, z-coord
N,	1,	0,	0,	0
N,	2,	0,	0.0125,	0
N,	3,	0,	0.025,	0
N,	4,	0,	0.0375,	0
N,	5,	0,	0.05,	0
N,	6,	0.0133333,	0,	0
N,	7,	0.0133333,	0.0125,	0
N,	8,	0.0133333,	0.025,	0
N,	9,	0.0133333,	0.0375,	0
N,	10,	0.0133333,	0.05,	0
N,	11,	0.0266667,	0,	0
N,	12,	0.0266667,	0.0125,	0
N,	13,	0.0266667,	0.025,	0
N,	14,	0.0266667,	0.0375,	0
N,	15,	0.0266667,	0.05,	0
N,	16,	0.04,	0,	0
N,	17,	0.04,	0.0125,	0
N,	18,	0.04,	0.025,	0
N,	19,	0.04,	0.0375,	0
N,	20,	0.04,	0.05,	0
N,	21,	0.0533333,	0,	0
N,	22,	0.0533333,	0.0125,	0
N,	23,	0.0533333,	0.025,	0
N,	24,	0.0533333,	0.0375,	0
N,	25,	0.0533333,	0.05,	0
N,	26,	0.0666667,	0,	0
N,	27,	0.0666667,	0.0125,	0
N,	28,	0.0666667,	0.025,	0
N,	29,	0.0666667,	0.0375,	0
N,	30,	0.0666667,	0.05,	0
N,	31,	0.08,	0,	0
N,	32,	0.08,	0.0125,	0
N,	33,	0.08,	0.025,	0
N,	34,	0.08,	0.0375,	0
N,	35,	0.08,	0.05,	0
N,	36,	0.0933333,	0,	0
N,	37,	0.0933333,	0.0125,	0
N,	38,	0.0933333,	0.025,	0
N,	39,	0.0933333,	0.0375,	0
N,	40,	0.0933333,	0.05,	0
N,	41,	0.106667,	0,	0
N,	42,	0.106667,	0.0125,	0
N,	43,	0.106667,	0.025,	0
N,	44,	0.106667,	0.0375,	0
N,	45,	0.106667,	0.05,	0
N,	46,	0.12,	0,	0
N,	47,	0.12,	0.0125,	0
N,	48,	0.12,	0.025,	0
N,	49,	0.12,	0.0375,	0
N,	50,	0.12,	0.05,	0
N,	51,	0.133333,	0,	0
N,	52,	0.133333,	0.0125,	0
N,	53,	0.133333,	0.025,	0
N,	54,	0.133333,	0.0375,	0
N,	55,	0.133333,	0.05,	0
N,	56,	0.146667,	0,	0
N,	57,	0.146667,	0.0125,	0
N,	58,	0.146667,	0.025,	0
N,	59,	0.146667,	0.0375,	0
N,	60,	0.146667,	0.05,	0
N,	61,	0.16,	0,	0
N,	62,	0.16,	0.0125,	0
N,	63,	0.16,	0.025,	0
N,	64,	0.16,	0.0375,	0
N,	65,	0.16,	0.05,	0
N,	66,	0.173333,	0,	0
N,	67,	0.173333,	0.0125,	0
N,	68,	0.173333,	0.025,	0
N,	69,	0.173333,	0.0375,	0
N,	70,	0.173333,	0.05,	0
N,	71,	0.186667,	0,	0
N,	72,	0.186667,	0.0125,	0
N,	73,	0.186667,	0.025,	0
N,	74,	0.186667,	0.0375,	0
N,	75,	0.186667,	0.05,	0
N,	76,	0.2,	0,	0
N,	77,	0.2,	0.0125,	0
N,	78,	0.2,	0.025,	0
N,	79,	0.2,	0.0375,	0
N,	80,	0.2,	0.05,	0
N,	81,	0.213333,	0,	0
N,	82,	0.213333,	0.0125,	0
N,	83,	0.213333,	0.025,	0
N,	84,	0.213333,	0.0375,	0
N,	85,	0.213333,	0.05,	0
N,	86,	0.226667,	0,	0
N,	87,	0.226667,	0.0125,	0
N,	88,	0.226667,	0.025,	0
N,	89,	0.226667,	0.0375,	0
N,	90,	0.226667,	0.05,	0
N,	91,	0.24,	0,	0
N,	92,	0.24,	0.0125,	0
N,	93,	0.24,	0.025,	0
N,	94,	0.24,	0.0375,	0
N,	95,	0.24,	0.05,	0
N,	96,	0.253333,	0,	0
N,	97,	0.253333,	0.0125,	0
N,	98,	0.253333,	0.025,	0
N,	99,	0.253333,	0.0375,	0
N,	100,	0.253333,	0.05,	0
N,	101,	0.266667,	0,	0
N,	102,	0.266667,	0.0125,	0
N,	103,	0.266667,	0.025,	0
N,	104,	0.266667,	0.0375,	0
N,	105,	0.266667,	0.05,	0
N,	106,	0.28,	0,	0
N,	107,	0.28,	0.0125,	0
N,	108,	0.28,	0.025,	0
N,	109,	0.28,	0.0375,	0
N,	110,	0.28,	0.05,	0
N,	111,	0.293333,	0,	0
N,	112,	0.293333,	0.0125,	0
N,	113,	0.293333,	0.025,	0
N,	114,	0.293333,	0.0375,	0
N,	115,	0.293333,	0.05,	0
N,	116,	0.306667,	0,	0
N,	117,	0.306667,	0.0125,	0
N,	118,	0.306667,	0.025,	0
N,	119,	0.306667,	0.0375,	0
N,	120,	0.306667,	0.05,	0
N,	121,	0.32,	0,	0
N,	122,	0.32,	0.0125,	0
N,	123,	0.32,	0.025,	0
N,	124,	0.32,	0.0375,	0
N,	125,	0.32,	0.05,	0
N,	126,	0.333333,	0,	0
N,	127,	0.333333,	0.0125,	0
N,	128,	0.333333,	0.025,	0
N,	129,	0.333333,	0.0375,	0
N,	130,	0.333333,	0.05,	0
N,	131,	0.346667,	0,	0
N,	132,	0.346667,	0.0125,	0
N,	133,	0.346667,	0.025,	0
N,	134,	0.346667,	0.0375,	0
N,	135,	0.346667,	0.05,	0
N,	136,	0.36,	0,	0
N,	137,	0.36,	0.0125,	0
N,	138,	0.36,	0.025,	0
N,	139,	0.36,	0.0375,	0
N,	140,	0.36,	0.05,	0
N,	141,	0.373333,	0,	0
N,	142,	0.373333,	0.0125,	0
N,	143,	0.373333,	0.025,	0
N,	144,	0.373333,	0.0375,	0
N,	145,	0.373333,	0.05,	0
N,	146,	0.386667,	0,	0
N,	147,	0.386667,	0.0125,	0
N,	148,	0.386667,	0.025,	0
N,	149,	0.386667,	0.0375,	0
N,	150,	0.386667,	0.05,	0
N,	151,	0.4,	0,	0
N,	152,	0.4,	0.0125,	0
N,	153,	0.4,	0.025,	0
N,	154,	0.4,	0.0375,	0
N,	155,	0.4,	0.05,	0
N,	156,	0.413333,	0,	0
N,	157,	0.413333,	0.0125,	0
N,	158,	0.413333,	0.025,	0
N,	159,	0.413333,	0.0375,	0
N,	160,	0.413333,	0.05,	0
N,	161,	0.426667,	0,	0
N,	162,	0.426667,	0.0125,	0
N,	163,	0.426667,	0.025,	0
N,	164,	0.426667,	0.0375,	0
N,	165,	0.426667,	0.05,	0
N,	166,	0.44,	0,	0
N,	167,	0.44,	0.0125,	0
N,	168,	0.44,	0.025,	0
N,	169,	0.44,	0.0375,	0
N,	170,	0.44,	0.05,	0
N,	171,	0.453333,	0,	0
N,	172,	0.453333,	0.0125,	0
N,	173,	0.453333,	0.025,	0
N,	174,	0.453333,	0.0375,	0
N,	175,	0.453333,	0.05,	0
N,	176,	0.466667,	0,	0
N,	177,	0.466667,	0.0125,	0
N,	178,	0.466667,	0.025,	0
N,	179,	0.466667,	0.0375,	0
N,	180,	0.466667,	0.05,	0
N,	181,	0.48,	0,	0
N,	182,	0.48,	0.0125,	0
N,	183,	0.48,	0.025,	0
N,	184,	0.48,	0.0375,	0
N,	185,	0.48,	0.05,	0
N,	186,	0.493333,	0,	0
N,	187,	0.493333,	0.0125,	0
N,	188,	0.493333,	0.025,	0
N,	189,	0.493333,	0.0375,	0
N,	190,	0.493333,	0.05,	0
N,	191,	0.506667,	0,	0
N,	192,	0.506667,	0.0125,	0
N,	193,	0.506667,	0.025,	0
N,	194,	0.506667,	0.0375,	0
N,	195,	0.506667,	0.05,	0
N,	196,	0.52,	0,	0
N,	197,	0.52,	0.0125,	0
N,	198,	0.52,	0.025,	0
N,	199,	0.52,	0.0375,	0
N,	200,	0.52,	0.05,	0
N,	201,	0.533333,	0,	0
N,	202,	0.533333,	0.0125,	0
N,	203,	0.533333,	0.025,	0
N,	204,	0.533333,	0.0375,	0
N,	205,	0.533333,	0.05,	0
N,	206,	0.546667,	0,	0
N,	207,	0.546667,	0.0125,	0
N,	208,	0.546667,	0.025,	0
N,	209,	0.546667,	0.0375,	0
N,	210,	0.546667,	0.05,	0
N,	211,	0.56,	0,	0
N,	212,	0.56,	0.0125,	0
N,	213,	0.56,	0.025,	0
N,	214,	0.56,	0.0375,	0
N,	215,	0.56,	0.05,	0
N,	216,	0.573333,	0,	0
N,	217,	0.573333,	0.0125,	0
N,	218,	0.573333,	0.025,	0
N,	219,	0.573333,	0.0375,	0
N,	220,	0.573333,	0.05,	0
N,	221,	0.586667,	0,	0
N,	222,	0.586667,	0.0125,	0
N,	223,	0.586667,	0.025,	0
N,	224,	0.586667,	0.0375,	0
N,	225,	0.586667,	0.05,	0
N,	226,	0.6,	0,	0
N,	227,	0.6,	0.0125,	0
N,	228,	0.6,	0.025,	0
N,	229,	0.6,	0.0375,	0
N,	230,	0.6,	0.05,	0
N,	231,	0.613333,	0,	0
N,	232,	0.613333,	0.0125,	0
N,	233,	0.613333,	0.025,	0
N,	234,	0.613333,	0.0375,	0
N,	235,	0.613333,	0.05,	0
N,	236,	0.626667,	0,	0
N,	237,	0.626667,	0.0125,	0
N,	238,	0.626667,	0.025,	0
N,	239,	0.626667,	0.0375,	0
N,	240,	0.626667,	0.05,	0
N,	241,	0.64,	0,	0
N,	242,	0.64,	0.0125,	0
N,	243,	0.64,	0.025,	0
N,	244,	0.64,	0.0375,	0
N,	245,	0.64,	0.05,	0
N,	246,	0.653333,	0,	0
N,	247,	0.653333,	0.0125,	0
N,	248,	0.653333,	0.025,	0
N,	249,	0.653333,	0.0375,	0
N,	250,	0.653333,	0.05,	0
N,	251,	0.666667,	0,	0
N,	252,	0.666667,	0.0125,	0
N,	253,	0.666667,	0.025,	0
N,	254,	0.666667,	0.0375,	0
N,	255,	0.666667,	0.05,	0
N,	256,	0.68,	0,	0
N,	257,	0.68,	0.0125,	0
N,	258,	0.68,	0.025,	0
N,	259,	0.68,	0.0375,	0
N,	260,	0.68,	0.05,	0
N,	261,	0.693333,	0,	0
N,	262,	0.693333,	0.0125,	0
N,	263,	0.693333,	0.025,	0
N,	264,	0.693333,	0.0375,	0
N,	265,	0.693333,	0.05,	0
N,	266,	0.706667,	0,	0
N,	267,	0.706667,	0.0125,	0
N,	268,	0.706667,	0.025,	0
N,	269,	0.706667,	0.0375,	0
N,	270,	0.706667,	0.05,	0
N,	271,	0.72,	0,	0
N,	272,	0.72,	0.0125,	0
N,	273,	0.72,	0.025,	0
N,	274,	0.72,	0.0375,	0
N,	275,	0.72,	0.05,	0
N,	276,	0.733333,	0,	0
N,	277,	0.733333,	0.0125,	0
N,	278,	0.733333,	0.025,	0
N,	279,	0.733333,	0.0375,	0
N,	280,	0.733333,	0.05,	0
N,	281,	0.746667,	0,	0
N,	282,	0.746667,	0.0125,	0
N,	283,	0.746667,	0.025,	0
N,	284,	0.746667,	0.0375,	0
N,	285,	0.746667,	0.05,	0
N,	286,	0.76,	0,	0
N,	287,	0.76,	0.0125,	0
N,	288,	0.76,	0.025,	0
N,	289,	0.76,	0.0375,	0
N,	290,	0.76,	0.05,	0
N,	291,	0.773333,	0,	0
N,	292,	0.773333,	0.0125,	0
N,	293,	0.773333,	0.025,	0
N,	294,	0.773333,	0.0375,	0
N,	295,	0.773333,	0.05,	0
N,	296,	0.786667,	0,	0
N,	297,	0.786667,	0.0125,	0
N,	298,	0.786667,	0.025,	0
N,	299,	0.786667,	0.0375,	0
N,	300,	0.786667,	0.05,	0
N,	301,	0.8,	0,	0
N,	302,	0.8,	0.0125,	0
N,	303,	0.8,	0.025,	0
N,	304,	0.8,	0.0375,	0
N,	305,	0.8,	0.05,	0
N,	306,	0.813333,	0,	0
N,	307,	0.813333,	0.0125,	0
N,	308,	0.813333,	0.025,	0
N,	309,	0.813333,	0.0375,	0
N,	310,	0.813333,	0.05,	0
N,	311,	0.826667,	0,	0
N,	312,	0.826667,	0.0125,	0
N,	313,	0.826667,	0.025,	0
N,	314,	0.826667,	0.0375,	0
N,	315,	0.826667,	0.05,	0
N,	316,	0.84,	0,	0
N,	317,	0.84,	0.0125,	0
N,	318,	0.84,	0.025,	0
N,	319,	0.84,	0.0375,	0
N,	320,	0.84,	0.05,	0
N,	321,	0.853333,	0,	0
N,	322,	0.853333,	0.0125,	0
N,	323,	0.853333,	0.025,	0
N,	324,	0.853333,	0.0375,	0
N,	325,	0.853333,	0.05,	0
N,	326,	0.866667,	0,	0
N,	327,	0.866667,	0.0125,	0
N,	328,	0.866667,	0.025,	0
N,	329,	0.866667,	0.0375,	0
N,	330,	0.866667,	0.05,	0
N,	331,	0.88,	0,	0
N,	332,	0.88,	0.0125,	0
N,	333,	0.88,	0.025,	0
N,	334,	0.88,	0.0375,	0
N,	335,	0.88,	0.05,	0
N,	336,	0.893333,	0,	0
N,	337,	0.893333,	0.0125,	0
N,	338,	0.893333,	0.025,	0
N,	339,	0.893333,	0.0375,	0
N,	340,	0.893333,	0.05,	0
N,	341,	0.906667,	0,	0
N,	342,	0.906667,	0.0125,	0
N,	343,	0.906667,	0.025,	0
N,	344,	0.906667,	0.0375,	0
N,	345,	0.906667,	0.05,	0
N,	346,	0.92,	0,	0
N,	347,	0.92,	0.0125,	0
N,	348,	0.92,	0.025,	0
N,	349,	0.92,	0.0375,	0
N,	350,	0.92,	0.05,	0
N,	351,	0.933333,	0,	0
N,	352,	0.933333,	0.0125,	0
N,	353,	0.933333,	0.025,	0
N,	354,	0.933333,	0.0375,	0
N,	355,	0.933333,	0.05,	0
N,	356,	0.946667,	0,	0
N,	357,	0.946667,	0.0125,	0
N,	358,	0.946667,	0.025,	0
N,	359,	0.946667,	0.0375,	0
N,	360,	0.946667,	0.05,	0
N,	361,	0.96,	0,	0
N,	362,	0.96,	0.0125,	0
N,	363,	0.96,	0.025,	0
N,	364,	0.96,	0.0375,	0
N,	365,	0.96,	0.05,	0
N,	366,	0.973333,	0,	0
N,	367,	0.973333,	0.0125,	0
N,	368,	0.973333,	0.025,	0
N,	369,	0.973333,	0.0375,	0
N,	370,	0.973333,	0.05,	0
N,	371,	0.986667,	0,	0
N,	372,	0.986667,	0.0125,	0
N,	373,	0.986667,	0.025,	0
N,	374,	0.986667,	0.0375,	0
N,	375,	0.986667,	0.05,	0
N,	376,	1,	0,	0
N,	377,	1,	0.0125,	0
N,	378,	1,	0.025,	0
N,	379,	1,	0.0375,	0
N,	380,	1,	0.05,	0
N,	381,	1.01333,	0,	0
N,	382,	1.01333,	0.0125,	0
N,	383,	1.01333,	0.025,	0
N,	384,	1.01333,	0.0375,	0
N,	385,	1.01333,	0.05,	0
N,	386,	1.02667,	0,	0
N,	387,	1.02667,	0.0125,	0
N,	388,	1.02667,	0.025,	0
N,	389,	1.02667,	0.0375,	0
N,	390,	1.02667,	0.05,	0
N,	391,	1.04,	0,	0
N,	392,	1.04,	0.0125,	0
N,	393,	1.04,	0.025,	0
N,	394,	1.04,	0.0375,	0
N,	395,	1.04,	0.05,	0
N,	396,	1.05333,	0,	0
N,	397,	1.05333,	0.0125,	0
N,	398,	1.05333,	0.025,	0
N,	399,	1.05333,	0.0375,	0
N,	400,	1.05333,	0.05,	0
N,	401,	1.06667,	0,	0
N,	402,	1.06667,	0.0125,	0
N,	403,	1.06667,	0.025,	0
N,	404,	1.06667,	0.0375,	0
N,	405,	1.06667,	0.05,	0
N,	406,	1.08,	0,	0
N,	407,	1.08,	0.0125,	0
N,	408,	1.08,	0.025,	0
N,	409,	1.08,	0.0375,	0
N,	410,	1.08,	0.05,	0
N,	411,	1.09333,	0,	0
N,	412,	1.09333,	0.0125,	0
N,	413,	1.09333,	0.025,	0
N,	414,	1.09333,	0.0375,	0
N,	415,	1.09333,	0.05,	0
N,	416,	1.10667,	0,	0
N,	417,	1.10667,	0.0125,	0
N,	418,	1.10667,	0.025,	0
N,	419,	1.10667,	0.0375,	0
N,	420,	1.10667,	0.05,	0
N,	421,	1.12,	0,	0
N,	422,	1.12,	0.0125,	0
N,	423,	1.12,	0.025,	0
N,	424,	1.12,	0.0375,	0
N,	425,	1.12,	0.05,	0
N,	426,	1.13333,	0,	0
N,	427,	1.13333,	0.0125,	0
N,	428,	1.13333,	0.025,	0
N,	429,	1.13333,	0.0375,	0
N,	430,	1.13333,	0.05,	0
N,	431,	1.14667,	0,	0
N,	432,	1.14667,	0.0125,	0
N,	433,	1.14667,	0.025,	0
N,	434,	1.14667,	0.0375,	0
N,	435,	1.14667,	0.05,	0
N,	436,	1.16,	0,	0
N,	437,	1.16,	0.0125,	0
N,	438,	1.16,	0.025,	0
N,	439,	1.16,	0.0375,	0
N,	440,	1.16,	0.05,	0
N,	441,	1.17333,	0,	0
N,	442,	1.17333,	0.0125,	0
N,	443,	1.17333,	0.025,	0
N,	444,	1.17333,	0.0375,	0
N,	445,	1.17333,	0.05,	0
N,	446,	1.18667,	0,	0
N,	447,	1.18667,	0.0125,	0
N,	448,	1.18667,	0.025,	0
N,	449,	1.18667,	0.0375,	0
N,	450,	1.18667,	0.05,	0
N,	451,	1.2,	0,	0
N,	452,	1.2,	0.0125,	0
N,	453,	1.2,	0.025,	0
N,	454,	1.2,	0.0375,	0
N,	455,	1.2,	0.05,	0
N,	456,	1.21333,	0,	0
N,	457,	1.21333,	0.0125,	0
N,	458,	1.21333,	0.025,	0
N,	459,	1.21333,	0.0375,	0
N,	460,	1.21333,	0.05,	0
N,	461,	1.22667,	0,	0
N,	462,	1.22667,	0.0125,	0
N,	463,	1.22667,	0.025,	0
N,	464,	1.22667,	0.0375,	0
N,	465,	1.22667,	0.05,	0
N,	466,	1.24,	0,	0
N,	467,	1.24,	0.0125,	0
N,	468,	1.24,	0.025,	0
N,	469,	1.24,	0.0375,	0
N,	470,	1.24,	0.05,	0
N,	471,	1.25333,	0,	0
N,	472,	1.25333,	0.0125,	0
N,	473,	1.25333,	0.025,	0
N,	474,	1.25333,	0.0375,	0
N,	475,	1.25333,	0.05,	0
N,	476,	1.26667,	0,	0
N,	477,	1.26667,	0.0125,	0
N,	478,	1.26667,	0.025,	0
N,	479,	1.26667,	0.0375,	0
N,	480,	1.26667,	0.05,	0
N,	481,	1.28,	0,	0
N,	482,	1.28,	0.0125,	0
N,	483,	1.28,	0.025,	0
N,	484,	1.28,	0.0375,	0
N,	485,	1.28,	0.05,	0
N,	486,	1.29333,	0,	0
N,	487,	1.29333,	0.0125,	0
N,	488,	1.29333,	0.025,	0
N,	489,	1.29333,	0.0375,	0
N,	490,	1.29333,	0.05,	0
N,	491,	1.30667,	0,	0
N,	492,	1.30667,	0.0125,	0
N,	493,	1.30667,	0.025,	0
N,	494,	1.30667,	0.0375,	0
N,	495,	1.30667,	0.05,	0
N,	496,	1.32,	0,	0
N,	497,	1.32,	0.0125,	0
N,	498,	1.32,	0.025,	0
N,	499,	1.32,	0.0375,	0
N,	500,	1.32,	0.05,	0
N,	501,	1.33333,	0,	0
N,	502,	1.33333,	0.0125,	0
N,	503,	1.33333,	0.025,	0
N,	504,	1.33333,	0.0375,	0
N,	505,	1.33333,	0.05,	0
N,	506,	1.34667,	0,	0
N,	507,	1.34667,	0.0125,	0
N,	508,	1.34667,	0.025,	0
N,	509,	1.34667,	0.0375,	0
N,	510,	1.34667,	0.05,	0
N,	511,	1.36,	0,	0
N,	512,	1.36,	0.0125,	0
N,	513,	1.36,	0.025,	0
N,	514,	1.36,	0.0375,	0
N,	515,	1.36,	0.05,	0
N,	516,	1.37333,	0,	0
N,	517,	1.37333,	0.0125,	0
N,	518,	1.37333,	0.025,	0
N,	519,	1.37333,	0.0375,	0
N,	520,	1.37333,	0.05,	0
N,	521,	1.38667,	0,	0
N,	522,	1.38667,	0.0125,	0
N,	523,	1.38667,	0.025,	0
N,	524,	1.38667,	0.0375,	0
N,	525,	1.38667,	0.05,	0
N,	526,	1.4,	0,	0
N,	527,	1.4,	0.0125,	0
N,	528,	1.4,	0.025,	0
N,	529,	1.4,	0.0375,	0
N,	530,	1.4,	0.05,	0
N,	531,	1.41333,	0,	0
N,	532,	1.41333,	0.0125,	0
N,	533,	1.41333,	0.025,	0
N,	534,	1.41333,	0.0375,	0
N,	535,	1.41333,	0.05,	0
N,	536,	1.42667,	0,	0
N,	537,	1.42667,	0.0125,	0
N,	538,	1.42667,	0.025,	0
N,	539,	1.42667,	0.0375,	0
N,	540,	1.42667,	0.05,	0
N,	541,	1.44,	0,	0
N,	542,	1.44,	0.0125,	0
N,	543,	1.44,	0.025,	0
N,	544,	1.44,	0.0375,	0
N,	545,	1.44,	0.05,	0
N,	546,	1.45333,	0,	0
N,	547,	1.45333,	0.0125,	0
N,	548,	1.45333,	0.025,	0
N,	549,	1.45333,	0.0375,	0
N,	550,	1.45333,	0.05,	0
N,	551,	1.46667,	0,	0
N,	552,	1.46667,	0.0125,	0
N,	553,	1.46667,	0.025,	0
N,	554,	1.46667,	0.0375,	0
N,	555,	1.46667,	0.05,	0
N,	556,	1.48,	0,	0
N,	557,	1.48,	0.0125,	0
N,	558,	1.48,	0.025,	0
N,	559,	1.48,	0.0375,	0
N,	560,	1.48,	0.05,	0
N,	561,	1.49333,	0,	0
N,	562,	1.49333,	0.0125,	0
N,	563,	1.49333,	0.025,	0
N,	564,	1.49333,	0.0375,	0
N,	565,	1.49333,	0.05,	0
N,	566,	1.50667,	0,	0
N,	567,	1.50667,	0.0125,	0
N,	568,	1.50667,	0.025,	0
N,	569,	1.50667,	0.0375,	0
N,	570,	1.50667,	0.05,	0
N,	571,	1.52,	0,	0
N,	572,	1.52,	0.0125,	0
N,	573,	1.52,	0.025,	0
N,	574,	1.52,	0.0375,	0
N,	575,	1.52,	0.05,	0
N,	576,	1.53333,	0,	0
N,	577,	1.53333,	0.0125,	0
N,	578,	1.53333,	0.025,	0
N,	579,	1.53333,	0.0375,	0
N,	580,	1.53333,	0.05,	0
N,	581,	1.54667,	0,	0
N,	582,	1.54667,	0.0125,	0
N,	583,	1.54667,	0.025,	0
N,	584,	1.54667,	0.0375,	0
N,	585,	1.54667,	0.05,	0
N,	586,	1.56,	0,	0
N,	587,	1.56,	0.0125,	0
N,	588,	1.56,	0.025,	0
N,	589,	1.56,	0.0375,	0
N,	590,	1.56,	0.05,	0
N,	591,	1.57333,	0,	0
N,	592,	1.57333,	0.0125,	0
N,	593,	1.57333,	0.025,	0
N,	594,	1.57333,	0.0375,	0
N,	595,	1.57333,	0.05,	0
N,	596,	1.58667,	0,	0
N,	597,	1.58667,	0.0125,	0
N,	598,	1.58667,	0.025,	0
N,	599,	1.58667,	0.0375,	0
N,	600,	1.58667,	0.05,	0
N,	601,	1.6,	0,	0
N,	602,	1.6,	0.0125,	0
N,	603,	1.6,	0.025,	0
N,	604,	1.6,	0.0375,	0
N,	605,	1.6,	0.05,	0
N,	606,	1.61333,	0,	0
N,	607,	1.61333,	0.0125,	0
N,	608,	1.61333,	0.025,	0
N,	609,	1.61333,	0.0375,	0
N,	610,	1.61333,	0.05,	0
N,	611,	1.62667,	0,	0
N,	612,	1.62667,	0.0125,	0
N,	613,	1.62667,	0.025,	0
N,	614,	1.62667,	0.0375,	0
N,	615,	1.62667,	0.05,	0
N,	616,	1.64,	0,	0
N,	617,	1.64,	0.0125,	0
N,	618,	1.64,	0.025,	0
N,	619,	1.64,	0.0375,	0
N,	620,	1.64,	0.05,	0
N,	621,	1.65333,	0,	0
N,	622,	1.65333,	0.0125,	0
N,	623,	1.65333,	0.025,	0
N,	624,	1.65333,	0.0375,	0
N,	625,	1.65333,	0.05,	0
N,	626,	1.66667,	0,	0
N,	627,	1.66667,	0.0125,	0
N,	628,	1.66667,	0.025,	0
N,	629,	1.66667,	0.0375,	0
N,	630,	1.66667,	0.05,	0
N,	631,	1.68,	0,	0
N,	632,	1.68,	0.0125,	0
N,	633,	1.68,	0.025,	0
N,	634,	1.68,	0.0375,	0
N,	635,	1.68,	0.05,	0
N,	636,	1.69333,	0,	0
N,	637,	1.69333,	0.0125,	0
N,	638,	1.69333,	0.025,	0
N,	639,	1.69333,	0.0375,	0
N,	640,	1.69333,	0.05,	0
N,	641,	1.70667,	0,	0
N,	642,	1.70667,	0.0125,	0
N,	643,	1.70667,	0.025,	0
N,	644,	1.70667,	0.0375,	0
N,	645,	1.70667,	0.05,	0
N,	646,	1.72,	0,	0
N,	647,	1.72,	0.0125,	0
N,	648,	1.72,	0.025,	0
N,	649,	1.72,	0.0375,	0
N,	650,	1.72,	0.05,	0
N,	651,	1.73333,	0,	0
N,	652,	1.73333,	0.0125,	0
N,	653,	1.73333,	0.025,	0
N,	654,	1.73333,	0.0375,	0
N,	655,	1.73333,	0.05,	0
N,	656,	1.74667,	0,	0
N,	657,	1.74667,	0.0125,	0
N,	658,	1.74667,	0.025,	0
N,	659,	1.74667,	0.0375,	0
N,	660,	1.74667,	0.05,	0
N,	661,	1.76,	0,	0
N,	662,	1.76,	0.0125,	0
N,	663,	1.76,	0.025,	0
N,	664,	1.76,	0.0375,	0
N,	665,	1.76,	0.05,	0
N,	666,	1.77333,	0,	0
N,	667,	1.77333,	0.0125,	0
N,	668,	1.77333,	0.025,	0
N,	669,	1.77333,	0.0375,	0
N,	670,	1.77333,	0.05,	0
N,	671,	1.78667,	0,	0
N,	672,	1.78667,	0.0125,	0
N,	673,	1.78667,	0.025,	0
N,	674,	1.78667,	0.0375,	0
N,	675,	1.78667,	0.05,	0
N,	676,	1.8,	0,	0
N,	677,	1.8,	0.0125,	0
N,	678,	1.8,	0.025,	0
N,	679,	1.8,	0.0375,	0
N,	680,	1.8,	0.05,	0
N,	681,	1.81333,	0,	0
N,	682,	1.81333,	0.0125,	0
N,	683,	1.81333,	0.025,	0
N,	684,	1.81333,	0.0375,	0
N,	685,	1.81333,	0.05,	0
N,	686,	1.82667,	0,	0
N,	687,	1.82667,	0.0125,	0
N,	688,	1.82667,	0.025,	0
N,	689,	1.82667,	0.0375,	0
N,	690,	1.82667,	0.05,	0
N,	691,	1.84,	0,	0
N,	692,	1.84,	0.0125,	0
N,	693,	1.84,	0.025,	0
N,	694,	1.84,	0.0375,	0
N,	695,	1.84,	0.05,	0
N,	696,	1.85333,	0,	0
N,	697,	1.85333,	0.0125,	0
N,	698,	1.85333,	0.025,	0
N,	699,	1.85333,	0.0375,	0
N,	700,	1.85333,	0.05,	0
N,	701,	1.86667,	0,	0
N,	702,	1.86667,	0.0125,	0
N,	703,	1.86667,	0.025,	0
N,	704,	1.86667,	0.0375,	0
N,	705,	1.86667,	0.05,	0
N,	706,	1.88,	0,	0
N,	707,	1.88,	0.0125,	0
N,	708,	1.88,	0.025,	0
N,	709,	1.88,	0.0375,	0
N,	710,	1.88,	0.05,	0
N,	711,	1.89333,	0,	0
N,	712,	1.89333,	0.0125,	0
N,	713,	1.89333,	0.025,	0
N,	714,	1.89333,	0.0375,	0
N,	715,	1.89333,	0.05,	0
N,	716,	1.90667,	0,	0
N,	717,	1.90667,	0.0125,	0
N,	718,	1.90667,	0.025,	0
N,	719,	1.90667,	0.0375,	0
N,	720,	1.90667,	0.05,	0
N,	721,	1.92,	0,	0
N,	722,	1.92,	0.0125,	0
N,	723,	1.92,	0.025,	0
N,	724,	1.92,	0.0375,	0
N,	725,	1.92,	0.05,	0
N,	726,	1.93333,	0,	0
N,	727,	1.93333,	0.0125,	0
N,	728,	1.93333,	0.025,	0
N,	729,	1.93333,	0.0375,	0
N,	730,	1.93333,	0.05,	0
N,	731,	1.94667,	0,	0
N,	732,	1.94667,	0.0125,	0
N,	733,	1.94667,	0.025,	0
N,	734,	1.94667,	0.0375,	0
N,	735,	1.94667,	0.05,	0
N,	736,	1.96,	0,	0
N,	737,	1.96,	0.0125,	0
N,	738,	1.96,	0.025,	0
N,	739,	1.96,	0.0375,	0
N,	740,	1.96,	0.05,	0
N,	741,	1.97333,	0,	0
N,	742,	1.97333,	0.0125,	0
N,	743,	1.97333,	0.025,	0
N,	744,	1.97333,	0.0375,	0
N,	745,	1.97333,	0.05,	0
N,	746,	1.98667,	0,	0
N,	747,	1.98667,	0.0125,	0
N,	748,	1.98667,	0.025,	0
N,	749,	1.98667,	0.0375,	0
N,	750,	1.98667,	0.05,	0
N,	751,	2,	0,	0
N,	752,	2,	0.0125,	0
N,	753,	2,	0.025,	0
N,	754,	2,	0.0375,	0
N,	755,	2,	0.05,	0

! Element connectivity: 'EN', element_id,  node_ids
! Material:             'MP', property_id, material_id, value 
! Custom property:      'R',  property_id, value 
! Material 1
MP,	EX,  	1,	2.1e+011
MP,	EY,  	1,	0
MP,	GXY, 	1,	0
MP,	PRXY,	1,	0.3
MP,	DENS,	1,	7800
R, 	1,	0.05
! Connectivity
EN,	1,	1,	6,	7,	2
EN,	2,	2,	7,	8,	3
EN,	3,	3,	8,	9,	4
EN,	4,	4,	9,	10,	5
EN,	5,	6,	11,	12,	7
EN,	6,	7,	12,	13,	8
EN,	7,	8,	13,	14,	9
EN,	8,	9,	14,	15,	10
EN,	9,	11,	16,	17,	12
EN,	10,	12,	17,	18,	13
EN,	11,	13,	18,	19,	14
EN,	12,	14,	19,	20,	15
EN,	13,	16,	21,	22,	17
EN,	14,	17,	22,	23,	18
EN,	15,	18,	23,	24,	19
EN,	16,	19,	24,	25,	20
EN,	17,	21,	26,	27,	22
EN,	18,	22,	27,	28,	23
EN,	19,	23,	28,	29,	24
EN,	20,	24,	29,	30,	25
EN,	21,	26,	31,	32,	27
EN,	22,	27,	32,	33,	28
EN,	23,	28,	33,	34,	29
EN,	24,	29,	34,	35,	30
EN,	25,	31,	36,	37,	32
EN,	26,	32,	37,	38,	33
EN,	27,	33,	38,	39,	34
EN,	28,	34,	39,	40,	35
EN,	29,	36,	41,	42,	37
EN,	30,	37,	42,	43,	38
EN,	31,	38,	43,	44,	39
EN,	32,	39,	44,	45,	40
EN,	33,	41,	46,	47,	42
EN,	34,	42,	47,	48,	43
EN,	35,	43,	48,	49,	44
EN,	36,	44,	49,	50,	45
EN,	37,	46,	51,	52,	47
EN,	38,	47,	52,	53,	48
EN,	39,	48,	53,	54,	49
EN,	40,	49,	54,	55,	50
EN,	41,	51,	56,	57,	52
EN,	42,	52,	57,	58,	53
EN,	43,	53,	58,	59,	54
EN,	44,	54,	59,	60,	55
EN,	45,	56,	61,	62,	57
EN,	46,	57,	62,	63,	58
EN,	47,	58,	63,	64,	59
EN,	48,	59,	64,	65,	60
EN,	49,	61,	66,	67,	62
EN,	50,	62,	67,	68,	63
EN,	51,	63,	68,	69,	64
EN,	52,	64,	69,	70,	65
EN,	53,	66,	71,	72,	67
EN,	54,	67,	72,	73,	68
EN,	55,	68,	73,	74,	69
EN,	56,	69,	74,	75,	70
EN,	57,	71,	76,	77,	72
EN,	58,	72,	77,	78,	73
EN,	59,	73,	78,	79,	74
EN,	60,	74,	79,	80,	75
EN,	61,	76,	81,	82,	77
EN,	62,	77,	82,	83,	78
EN,	63,	78,	83,	84,	79
EN,	64,	79,	84,	85,	80
EN,	65,	81,	86,	87,	82
EN,	66,	82,	87,	88,	83
EN,	67,	83,	88,	89,	84
EN,	68,	84,	89,	90,	85
EN,	69,	86,	91,	92,	87
EN,	70,	87,	92,	93,	88
EN,	71,	88,	93,	94,	89
EN,	72,	89,	94,	95,	90
EN,	73,	91,	96,	97,	92
EN,	74,	92,	97,	98,	93
EN,	75,	93,	98,	99,	94
EN,	76,	94,	99,	100,	95
EN,	77,	96,	101,	102,	97
EN,	78,	97,	102,	103,	98
EN,	79,	98,	103,	104,	99
EN,	80,	99,	104,	105,	100
EN,	81,	101,	106,	107,	102
EN,	82,	102,	107,	108,	103
EN,	83,	103,	108,	109,	104
EN,	84,	104,	109,	110,	105
EN,	85,	106,	111,	112,	107
EN,	86,	107,	112,	113,	108
EN,	87,	108,	113,	114,	109
EN,	88,	109,	114,	115,	110
EN,	89,	111,	116,	117,	112
EN,	90,	112,	117,	118,	113
EN,	91,	113,	118,	119,	114
EN,	92,	114,	119,	120,	115
EN,	93,	116,	121,	122,	117
EN,	94,	117,	122,	123,	118
EN,	95,	118,	123,	124,	119
EN,	96,	119,	124,	125,	120
EN,	97,	121,	126,	127,	122
EN,	98,	122,	127,	128,	123
EN,	99,	123,	128,	129,	124
EN,	100,	124,	129,	130,	125
EN,	101,	126,	131,	132,	127
EN,	102,	127,	132,	133,	128
EN,	103,	128,	133,	134,	129
EN,	104,	129,	134,	135,	130
EN,	105,	131,	136,	137,	132
EN,	106,	132,	137,	138,	133
EN,	107,	133,	138,	139,	134
EN,	108,	134,	139,	140,	135
EN,	109,	136,	141,	142,	137
EN,	110,	137,	142,	143,	138
EN,	111,	138,	143,	144,	139
EN,	112,	139,	144,	145,	140
EN,	113,	141,	146,	147,	142
EN,	114,	142,	147,	148,	143
EN,	115,	143,	148,	149,	144
EN,	116,	144,	149,	150,	145
EN,	117,	146,	151,	152,	147
EN,	118,	147,	152,	153,	148
EN,	119,	148,	153,	154,	149
EN,	120,	149,	154,	155,	150
EN,	121,	151,	156,	157,	152
EN,	122,	152,	157,	158,	153
EN,	123,	153,	158,	159,	154
EN,	124,	154,	159,	160,	155
EN,	125,	156,	161,	162,	157
EN,	126,	157,	162,	163,	158
EN,	127,	158,	163,	164,	159
EN,	128,	159,	164,	165,	160
EN,	129,	161,	166,	167,	162
EN,	130,	162,	167,	168,	163
EN,	131,	163,	168,	169,	164
EN,	132,	164,	169,	170,	165
EN,	133,	166,	171,	172,	167
EN,	134,	167,	172,	173,	168
EN,	135,	168,	173,	174,	169
EN,	136,	169,	174,	175,	170
EN,	137,	171,	176,	177,	172
EN,	138,	172,	177,	178,	173
EN,	139,	173,	178,	179,	174
EN,	140,	174,	179,	180,	175
EN,	141,	176,	181,	182,	177
EN,	142,	177,	182,	183,	178
EN,	143,	178,	183,	184,	179
EN,	144,	179,	184,	185,	180
EN,	145,	181,	186,	187,	182
EN,	146,	182,	187,	188,	183
EN,	147,	183,	188,	189,	184
EN,	148,	184,	189,	190,	185
EN,	149,	186,	191,	192,	187
EN,	150,	187,	192,	193,	188
EN,	151,	188,	193,	194,	189
EN,	152,	189,	194,	195,	190
EN,	153,	191,	196,	197,	192
EN,	154,	192,	197,	198,	193
EN,	155,	193,	198,	199,	194
EN,	156,	194,	199,	200,	195
EN,	157,	196,	201,	202,	197
EN,	158,	197,	202,	203,	198
EN,	159,	198,	203,	204,	199
EN,	160,	199,	204,	205,	200
EN,	161,	201,	206,	207,	202
EN,	162,	202,	207,	208,	203
EN,	163,	203,	208,	209,	204
EN,	164,	204,	209,	210,	205
EN,	165,	206,	211,	212,	207
EN,	166,	207,	212,	213,	208
EN,	167,	208,	213,	214,	209
EN,	168,	209,	214,	215,	210
EN,	169,	211,	216,	217,	212
EN,	170,	212,	217,	218,	213
EN,	171,	213,	218,	219,	214
EN,	172,	214,	219,	220,	215
EN,	173,	216,	221,	222,	217
EN,	174,	217,	222,	223,	218
EN,	175,	218,	223,	224,	219
EN,	176,	219,	224,	225,	220
EN,	177,	221,	226,	227,	222
EN,	178,	222,	227,	228,	223
EN,	179,	223,	228,	229,	224
EN,	180,	224,	229,	230,	225
EN,	181,	226,	231,	232,	227
EN,	182,	227,	232,	233,	228
EN,	183,	228,	233,	234,	229
EN,	184,	229,	234,	235,	230
EN,	185,	231,	236,	237,	232
EN,	186,	232,	237,	238,	233
EN,	187,	233,	238,	239,	234
EN,	188,	234,	239,	240,	235
EN,	189,	236,	241,	242,	237
EN,	190,	237,	242,	243,	238
EN,	191,	238,	243,	244,	239
EN,	192,	239,	244,	245,	240
EN,	193,	241,	246,	247,	242
EN,	194,	242,	247,	248,	243
EN,	195,	243,	248,	249,	244
EN,	196,	244,	249,	250,	245
EN,	197,	246,	251,	252,	247
EN,	198,	247,	252,	253,	248
EN,	199,	248,	253,	254,	249
EN,	200,	249,	254,	255,	250
EN,	201,	251,	256,	257,	252
EN,	202,	252,	257,	258,	253
EN,	203,	253,	258,	259,	254
EN,	204,	254,	259,	260,	255
EN,	205,	256,	261,	262,	257
EN,	206,	257,	262,	263,	258
EN,	207,	258,	263,	264,	259
EN,	208,	259,	264,	265,	260
EN,	209,	261,	266,	267,	262
EN,	210,	262,	267,	268,	263
EN,	211,	263,	268,	269,	264
EN,	212,	264,	269,	270,	265
EN,	213,	266,	271,	272,	267
EN,	214,	267,	272,	273,	268
EN,	215,	268,	273,	274,	269
EN,	216,	269,	274,	275,	270
EN,	217,	271,	276,	277,	272
EN,	218,	272,	277,	278,	273
EN,	219,	273,	278,	279,	274
EN,	220,	274,	279,	280,	275
EN,	221,	276,	281,	282,	277
EN,	222,	277,	282,	283,	278
EN,	223,	278,	283,	284,	279
EN,	224,	279,	284,	285,	280
EN,	225,	281,	286,	287,	282
EN,	226,	282,	287,	288,	283
EN,	227,	283,	288,	289,	284
EN,	228,	284,	289,	290,	285
EN,	229,	286,	291,	292,	287
EN,	230,	287,	292,	293,	288
EN,	231,	288,	293,	294,	289
EN,	232,	289,	294,	295,	290
EN,	233,	291,	296,	297,	292
EN,	234,	292,	297,	298,	293
EN,	235,	293,	298,	299,	294
EN,	236,	294,	299,	300,	295
EN,	237,	296,	301,	302,	297
EN,	238,	297,	302,	303,	298
EN,	239,	298,	303,	304,	299
EN,	240,	299,	304,	305,	300
EN,	241,	301,	306,	307,	302
EN,	242,	302,	307,	308,	303
EN,	243,	303,	308,	309,	304
EN,	244,	304,	309,	310,	305
EN,	245,	306,	311,	312,	307
EN,	246,	307,	312,	313,	308
EN,	247,	308,	313,	314,	309
EN,	248,	309,	314,	315,	310
EN,	249,	311,	316,	317,	312
EN,	250,	312,	317,	318,	313
EN,	251,	313,	318,	319,	314
EN,	252,	314,	319,	320,	315
EN,	253,	316,	321,	322,	317
EN,	254,	317,	322,	323,	318
EN,	255,	318,	323,	324,	319
EN,	256,	319,	324,	325,	320
EN,	257,	321,	326,	327,	322
EN,	258,	322,	327,	328,	323
EN,	259,	323,	328,	329,	324
EN,	260,	324,	329,	330,	325
EN,	261,	326,	331,	332,	327
EN,	262,	327,	332,	333,	328
EN,	263,	328,	333,	334,	329
EN,	264,	329,	334,	335,	330
EN,	265,	331,	336,	337,	332
EN,	266,	332,	337,	338,	333
EN,	267,	333,	338,	339,	334
EN,	268,	334,	339,	340,	335
EN,	269,	336,	341,	342,	337
EN,	270,	337,	342,	343,	338
EN,	271,	338,	343,	344,	339
EN,	272,	339,	344,	345,	340
EN,	273,	341,	346,	347,	342
EN,	274,	342,	347,	348,	343
EN,	275,	343,	348,	349,	344
EN,	276,	344,	349,	350,	345
EN,	277,	346,	351,	352,	347
EN,	278,	347,	352,	353,	348
EN,	279,	348,	353,	354,	349
EN,	280,	349,	354,	355,	350
EN,	281,	351,	356,	357,	352
EN,	282,	352,	357,	358,	353
EN,	283,	353,	358,	359,	354
EN,	284,	354,	359,	360,	355
EN,	285,	356,	361,	362,	357
EN,	286,	357,	362,	363,	358
EN,	287,	358,	363,	364,	359
EN,	288,	359,	364,	365,	360
EN,	289,	361,	366,	367,	362
EN,	290,	362,	367,	368,	363
EN,	291,	363,	368,	369,	364
EN,	292,	364,	369,	370,	365
EN,	293,	366,	371,	372,	367
EN,	294,	367,	372,	373,	368
EN,	295,	368,	373,	374,	369
EN,	296,	369,	374,	375,	370
EN,	297,	371,	376,	377,	372
EN,	298,	372,	377,	378,	373
EN,	299,	373,	378,	379,	374
EN,	300,	374,	379,	380,	375
EN,	301,	376,	381,	382,	377
EN,	302,	377,	382,	383,	378
EN,	303,	378,	383,	384,	379
EN,	304,	379,	384,	385,	380
EN,	305,	381,	386,	387,	382
EN,	306,	382,	387,	388,	383
EN,	307,	383,	388,	389,	384
EN,	308,	384,	389,	390,	385
EN,	309,	386,	391,	392,	387
EN,	310,	387,	392,	393,	388
EN,	311,	388,	393,	394,	389
EN,	312,	389,	394,	395,	390
EN,	313,	391,	396,	397,	392
EN,	314,	392,	397,	398,	393
EN,	315,	393,	398,	399,	394
EN,	316,	394,	399,	400,	395
EN,	317,	396,	401,	402,	397
EN,	318,	397,	402,	403,	398
EN,	319,	398,	403,	404,	399
EN,	320,	399,	404,	405,	400
EN,	321,	401,	406,	407,	402
EN,	322,	402,	407,	408,	403
EN,	323,	403,	408,	409,	404
EN,	324,	404,	409,	410,	405
EN,	325,	406,	411,	412,	407
EN,	326,	407,	412,	413,	408
EN,	327,	408,	413,	414,	409
EN,	328,	409,	414,	415,	410
EN,	329,	411,	416,	417,	412
EN,	330,	412,	417,	418,	413
EN,	331,	413,	418,	419,	414
EN,	332,	414,	419,	420,	415
EN,	333,	416,	421,	422,	417
EN,	334,	417,	422,	423,	418
EN,	335,	418,	423,	424,	419
EN,	336,	419,	424,	425,	420
EN,	337,	421,	426,	427,	422
EN,	338,	422,	427,	428,	423
EN,	339,	423,	428,	429,	424
EN,	340,	424,	429,	430,	425
EN,	341,	426,	431,	432,	427
EN,	342,	427,	432,	433,	428
EN,	343,	428,	433,	434,	429
EN,	344,	429,	434,	435,	430
EN,	345,	431,	436,	437,	432
EN,	346,	432,	437,	438,	433
EN,	347,	433,	438,	439,	434
EN,	348,	434,	439,	440,	435
EN,	349,	436,	441,	442,	437
EN,	350,	437,	442,	443,	438
EN,	351,	438,	443,	444,	439
EN,	352,	439,	444,	445,	440
EN,	353,	441,	446,	447,	442
EN,	354,	442,	447,	448,	443
EN,	355,	443,	448,	449,	444
EN,	356,	444,	449,	450,	445
EN,	357,	446,	451,	452,	447
EN,	358,	447,	452,	453,	448
EN,	359,	448,	453,	454,	449
EN,	360,	449,	454,	455,	450
EN,	361,	451,	456,	457,	452
EN,	362,	452,	457,	458,	453
EN,	363,	453,	458,	459,	454
EN,	364,	454,	459,	460,	455
EN,	365,	456,	461,	462,	457
EN,	366,	457,	462,	463,	458
EN,	367,	458,	463,	464,	459
EN,	368,	459,	464,	465,	460
EN,	369,	461,	466,	467,	462
EN,	370,	462,	467,	468,	463
EN,	371,	463,	468,	469,	464
EN,	372,	464,	469,	470,	465
EN,	373,	466,	471,	472,	467
EN,	374,	467,	472,	473,	468
EN,	375,	468,	473,	474,	469
EN,	376,	469,	474,	475,	470
EN,	377,	471,	476,	477,	472
EN,	378,	472,	477,	478,	473
EN,	379,	473,	478,	479,	474
EN,	380,	474,	479,	480,	475
EN,	381,	476,	481,	482,	477
EN,	382,	477,	482,	483,	478
EN,	383,	478,	483,	484,	479
EN,	384,	479,	484,	485,	480
EN,	385,	481,	486,	487,	482
EN,	386,	482,	487,	488,	483
EN,	387,	483,	488,	489,	484
EN,	388,	484,	489,	490,	485
EN,	389,	486,	491,	492,	487
EN,	390,	487,	492,	493,	488
EN,	391,	488,	493,	494,	489
EN,	392,	489,	494,	495,	490
EN,	393,	491,	496,	497,	492
EN,	394,	492,	497,	498,	493
EN,	395,	493,	498,	499,	494
EN,	396,	494,	499,	500,	495
EN,	397,	496,	501,	502,	497
EN,	398,	497,	502,	503,	498
EN,	399,	498,	503,	504,	499
EN,	400,	499,	504,	505,	500
EN,	401,	501,	506,	507,	502
EN,	402,	502,	507,	508,	503
EN,	403,	503,	508,	509,	504
EN,	404,	504,	509,	510,	505
EN,	405,	506,	511,	512,	507
EN,	406,	507,	512,	513,	508
EN,	407,	508,	513,	514,	509
EN,	408,	509,	514,	515,	510
EN,	409,	511,	516,	517,	512
EN,	410,	512,	517,	518,	513
EN,	411,	513,	518,	519,	514
EN,	412,	514,	519,	520,	515
EN,	413,	516,	521,	522,	517
EN,	414,	517,	522,	523,	518
EN,	415,	518,	523,	524,	519
EN,	416,	519,	524,	525,	520
EN,	417,	521,	526,	527,	522
EN,	418,	522,	527,	528,	523
EN,	419,	523,	528,	529,	524
EN,	420,	524,	529,	530,	525
EN,	421,	526,	531,	532,	527
EN,	422,	527,	532,	533,	528
EN,	423,	528,	533,	534,	529
EN,	424,	529,	534,	535,	530
EN,	425,	531,	536,	537,	532
EN,	426,	532,	537,	538,	533
EN,	427,	533,	538,	539,	534
EN,	428,	534,	539,	540,	535
EN,	429,	536,	541,	542,	537
EN,	430,	537,	542,	543,	538
EN,	431,	538,	543,	544,	539
EN,	432,	539,	544,	545,	540
EN,	433,	541,	546,	547,	542
EN,	434,	542,	547,	548,	543
EN,	435,	543,	548,	549,	544
EN,	436,	544,	549,	550,	545
EN,	437,	546,	551,	552,	547
EN,	438,	547,	552,	553,	548
EN,	439,	548,	553,	554,	549
EN,	440,	549,	554,	555,	550
EN,	441,	551,	556,	557,	552
EN,	442,	552,	557,	558,	553
EN,	443,	553,	558,	559,	554
EN,	444,	554,	559,	560,	555
EN,	445,	556,	561,	562,	557
EN,	446,	557,	562,	563,	558
EN,	447,	558,	563,	564,	559
EN,	448,	559,	564,	565,	560
EN,	449,	561,	566,	567,	562
EN,	450,	562,	567,	568,	563
EN,	451,	563,	568,	569,	564
EN,	452,	564,	569,	570,	565
EN,	453,	566,	571,	572,	567
EN,	454,	567,	572,	573,	568
EN,	455,	568,	573,	574,	569
EN,	456,	569,	574,	575,	570
EN,	457,	571,	576,	577,	572
EN,	458,	572,	577,	578,	573
EN,	459,	573,	578,	579,	574
EN,	460,	574,	579,	580,	575
EN,	461,	576,	581,	582,	577
EN,	462,	577,	582,	583,	578
EN,	463,	578,	583,	584,	579
EN,	464,	579,	584,	585,	580
EN,	465,	581,	586,	587,	582
EN,	466,	582,	587,	588,	583
EN,	467,	583,	588,	589,	584
EN,	468,	584,	589,	590,	585
EN,	469,	586,	591,	592,	587
EN,	470,	587,	592,	593,	588
EN,	471,	588,	593,	594,	589
EN,	472,	589,	594,	595,	590
EN,	473,	591,	596,	597,	592
EN,	474,	592,	597,	598,	593
EN,	475,	593,	598,	599,	594
EN,	476,	594,	599,	600,	595
EN,	477,	596,	601,	602,	597
EN,	478,	597,	602,	603,	598
EN,	479,	598,	603,	604,	599
EN,	480,	599,	604,	605,	600
EN,	481,	601,	606,	607,	602
EN,	482,	602,	607,	608,	603
EN,	483,	603,	608,	609,	604
EN,	484,	604,	609,	610,	605
EN,	485,	606,	611,	612,	607
EN,	486,	607,	612,	613,	608
EN,	487,	608,	613,	614,	609
EN,	488,	609,	614,	615,	610
EN,	489,	611,	616,	617,	612
EN,	490,	612,	617,	618,	613
EN,	491,	613,	618,	619,	614
EN,	492,	614,	619,	620,	615
EN,	493,	616,	621,	622,	617
EN,	494,	617,	622,	623,	618
EN,	495,	618,	623,	624,	619
EN,	496,	619,	624,	625,	620
EN,	497,	621,	626,	627,	622
EN,	498,	622,	627,	628,	623
EN,	499,	623,	628,	629,	624
EN,	500,	624,	629,	630,	625
EN,	501,	626,	631,	632,	627
EN,	502,	627,	632,	633,	628
EN,	503,	628,	633,	634,	629
EN,	504,	629,	634,	635,	630
EN,	505,	631,	636,	637,	632
EN,	506,	632,	637,	638,	633
EN,	507,	633,	638,	639,	634
EN,	508,	634,	639,	640,	635
EN,	509,	636,	641,	642,	637
EN,	510,	637,	642,	643,	638
EN,	511,	638,	643,	644,	639
EN,	512,	639,	644,	645,	640
EN,	513,	641,	646,	647,	642
EN,	514,	642,	647,	648,	643
EN,	515,	643,	648,	649,	644
EN,	516,	644,	649,	650,	645
EN,	517,	646,	651,	652,	647
EN,	518,	647,	652,	653,	648
EN,	519,	648,	653,	654,	649
EN,	520,	649,	654,	655,	650
EN,	521,	651,	656,	657,	652
EN,	522,	652,	657,	658,	653
EN,	523,	653,	658,	659,	654
EN,	524,	654,	659,	660,	655
EN,	525,	656,	661,	662,	657
EN,	526,	657,	662,	663,	658
EN,	527,	658,	663,	664,	659
EN,	528,	659,	664,	665,	660
EN,	529,	661,	666,	667,	662
EN,	530,	662,	667,	668,	663
EN,	531,	663,	668,	669,	664
EN,	532,	664,	669,	670,	665
EN,	533,	666,	671,	672,	667
EN,	534,	667,	672,	673,	668
EN,	535,	668,	673,	674,	669
EN,	536,	669,	674,	675,	670
EN,	537,	671,	676,	677,	672
EN,	538,	672,	677,	678,	673
EN,	539,	673,	678,	679,	674
EN,	540,	674,	679,	680,	675
EN,	541,	676,	681,	682,	677
EN,	542,	677,	682,	683,	678
EN,	543,	678,	683,	684,	679
EN,	544,	679,	684,	685,	680
EN,	545,	681,	686,	687,	682
EN,	546,	682,	687,	688,	683
EN,	547,	683,	688,	689,	684
EN,	548,	684,	689,	690,	685
EN,	549,	686,	691,	692,	687
EN,	550,	687,	692,	693,	688
EN,	551,	688,	693,	694,	689
EN,	552,	689,	694,	695,	690
EN,	553,	691,	696,	697,	692
EN,	554,	692,	697,	698,	693
EN,	555,	693,	698,	699,	694
EN,	556,	694,	699,	700,	695
EN,	557,	696,	701,	702,	697
EN,	558,	697,	702,	703,	698
EN,	559,	698,	703,	704,	699
EN,	560,	699,	704,	705,	700
EN,	561,	701,	706,	707,	702
EN,	562,	702,	707,	708,	703
EN,	563,	703,	708,	709,	704
EN,	564,	704,	709,	710,	705
EN,	565,	706,	711,	712,	707
EN,	566,	707,	712,	713,	708
EN,	567,	708,	713,	714,	709
EN,	568,	709,	714,	715,	710
EN,	569,	711,	716,	717,	712
EN,	570,	712,	717,	718,	713
EN,	571,	713,	718,	719,	714
EN,	572,	714,	719,	720,	715
EN,	573,	716,	721,	722,	717
EN,	574,	717,	722,	723,	718
EN,	575,	718,	723,	724,	719
EN,	576,	719,	724,	725,	720
EN,	577,	721,	726,	727,	722
EN,	578,	722,	727,	728,	723
EN,	579,	723,	728,	729,	724
EN,	580,	724,	729,	730,	725
EN,	581,	726,	731,	732,	727
EN,	582,	727,	732,	733,	728
EN,	583,	728,	733,	734,	729
EN,	584,	729,	734,	735,	730
EN,	585,	731,	736,	737,	732
EN,	586,	732,	737,	738,	733
EN,	587,	733,	738,	739,	734
EN,	588,	734,	739,	740,	735
EN,	589,	736,	741,	742,	737
EN,	590,	737,	742,	743,	738
EN,	591,	738,	743,	744,	739
EN,	592,	739,	744,	745,	740
EN,	593,	741,	746,	747,	742
EN,	594,	742,	747,	748,	743
EN,	595,	743,	748,	749,	744
EN,	596,	744,	749,	750,	745
EN,	597,	746,	751,	752,	747
EN,	598,	747,	752,	753,	748
EN,	599,	748,	753,	754,	749
EN,	600,	749,	754,	755,	750

! Nodal diplacement: 'D', node_id, 'UX / UY', value
D,	1,	UX,	0
D,	1,	UY,	0
D,	2,	UX,	0
D,	2,	UY,	0
D,	3,	UX,	0
D,	3,	UY,	0
D,	4,	UX,	0
D,	4,	UY,	0
D,	5,	UX,	0
D,	5,	UY,	0

! Nodal load: 'F', node_id, 'FX / FY', value
F,	753,	FY,	-1

! Surface load: 'SFE', element_id, face_id, 'PRES', 0, value

! Acceleration: 'ACEL', x-value, y-value, z-value
ACEL,	0.0,	0.0,	0.0

FINISH
