 Node            Displacements                Applied/reaction forces
number     1-direction     2-direction      1-direction     2-direction
     1     0.000000000     0.000000000      0.000000000     0.000000000
     2     0.000000000     0.000000000      0.000000000     0.000000000
     3     0.000000000     0.000000000      0.000000000     0.000000000
     4     0.000118550    -0.000346907      0.000000000     0.000000000
     5     0.000307970     0.000000000      0.000000000     0.000000000
     6     0.000118550     0.000346907      0.000000000     0.000000000
     7     0.000702039    -0.000671309      0.000000000     0.000000000
     8     0.000821638     0.000000000      0.000000000     0.000000000
     9     0.000702039     0.000671309      0.000000000     0.000000000
    10     0.001516690    -0.000833092      0.000000000     0.000000000
    11     0.001589845     0.000000000      0.000000000     0.000000000
    12     0.001516690     0.000833092      0.000000000     0.000000000
                                            ___________     ___________
                              Summation     0.000000000     0.000000000

Element                    Element strain                                   Element Stress
number      1-direction     2-direction     3-direction      1-direction     2-direction     3-direction
      1     0.000000000     0.000000000     0.000000000      0.000000000     0.000000000     0.000000000
      2     0.000000000     0.000000000     0.000000000      0.000000000     0.000000000     0.000000000
      3     0.000000000     0.000000000     0.000000000      0.000000000     0.000000000     0.000000000
      4     0.000000000     0.000000000     0.000000000      0.000000000     0.000000000     0.000000000
      5     0.000000000     0.000000000     0.000000000      0.000000000     0.000000000     0.000000000
      6     0.000000000     0.000000000     0.000000000      0.000000000     0.000000000     0.000000000
