 Node            Displacements                Applied/reaction forces
number     1-direction     2-direction      1-direction     2-direction
     1     0.000000000     0.000000000      0.020000000     0.010000000
     2     0.000000000    -0.020000000     -0.020000000    -0.000000000
     3    -0.040000000    -0.116568542      0.000000000     0.000000000
     4     0.020000000    -0.116568542      0.000000000     0.000000000
     5    -0.040000000    -0.273137085      0.000000000    -0.010000000
     6     0.040000000    -0.253137085      0.000000000     0.000000000
                                            ___________     ___________
                              Summation    -0.000000000     0.000000000

Element                    Element strain                                   Element Stress
number      1-direction     2-direction     3-direction      1-direction     2-direction     3-direction
      1    -0.010000000                                     -0.010000000
      2    -0.020000000                                     -0.020000000
      3     0.014142136                                      0.014142136
      4     0.010000000                                      0.010000000
      5     0.000000000                                      0.000000000
      6     0.000000000                                      0.000000000
      7    -0.014142136                                     -0.014142136
      8     0.010000000                                      0.010000000
      9     0.010000000                                      0.010000000
