 Node            Displacements                Applied/reaction forces
number     1-direction     2-direction      1-direction     2-direction
     1     0.000000000     0.000000000      0.000000000     0.000000000
     2     1.980026420     0.618477411      0.000000000     0.000000000
     3     3.919454634     0.613853448      0.000000000     0.000000000
     4     5.916376585     0.598586019      0.000000000     0.000000000
     5     0.000000000     0.000000000      0.000000000     0.000000000
     6     1.845516804     0.000000000      0.000000000     0.000000000
     7     3.915787847     0.000000000      0.000000000     0.000000000
     8     5.922597736     0.000000000      0.000000000     0.000000000
     9     0.000000000     0.000000000      0.000000000     0.000000000
    10     1.980026420    -0.618477411      0.000000000     0.000000000
    11     3.919454634    -0.613853448      0.000000000     0.000000000
    12     5.916376585    -0.598586019      0.000000000     0.000000000
                                            ___________     ___________
                              Summation     0.000000000     0.000000000

Element                    Element strain                                   Element Stress
number      1-direction     2-direction     3-direction      1-direction     2-direction     3-direction
      1     0.956385806    -0.154619353     0.120991949      1.000000000     0.145380647     0.046535365
      2     1.002424814    -0.308082715    -0.035700092      1.000000000    -0.008082715    -0.013730804
      3     1.000932960    -0.303109867    -0.003178266      1.000000000    -0.003109867    -0.001222410
      4     0.956385806    -0.154619353    -0.120991949      1.000000000     0.145380647    -0.046535365
      5     1.002424814    -0.308082715     0.035700092      1.000000000    -0.008082715     0.013730804
      6     1.000932960    -0.303109867     0.003178266      1.000000000    -0.003109867     0.001222410
