 Node            Displacements                Applied/reaction forces
number     1-direction     2-direction      1-direction     2-direction
     1     0.000000000     0.000000000      0.000000000     0.000000000
     2     0.000000000     0.000000000      0.000000000     0.000000000
     3     0.000000000     0.000000000      0.000000000     0.000000000
     4     1.479885556    -0.010750824      0.000000000     0.000000000
     5     1.520114444    -0.000000000      0.000000000     0.000000000
     6     1.479885556     0.010750824      0.000000000     0.000000000
     7     3.043003295    -0.160915554      0.000000000     0.000000000
     8     2.956996705    -0.000000000      0.000000000     0.000000000
     9     3.043003295     0.160915554      0.000000000     0.000000000
    10     5.123547772     0.333275533      0.000000000     0.000000000
    11     3.876452228    -0.000000000      0.000000000     0.000000000
    12     5.123547772    -0.333275533      0.000000000     0.000000000
                                            ___________     ___________
                              Summation     0.000000000     0.000000000

Element                    Element strain                                   Element Stress
number      1-direction     2-direction     3-direction      1-direction     2-direction     3-direction
      1     0.750000000     0.002687706     0.007369516      0.750000000     0.002687706     0.003684758
      2     0.750000000     0.002687706    -0.007369516      0.750000000     0.002687706    -0.003684758
      3     0.750000000     0.042916594    -0.048985608      0.750000000     0.042916594    -0.024492804
      4     0.750000000     0.042916594     0.048985608      0.750000000     0.042916594     0.024492804
      5     0.750000000    -0.043089995    -0.209727761      0.750000000    -0.043089995    -0.104863881
      6     0.750000000    -0.043089995     0.209727761      0.750000000    -0.043089995     0.104863881
